GRUBHUB: grubhub-11-8
DIMENSION: 23
0 919 940 318 688 857 566 798 1066 1185 1185 713 558 913 1140 579 942 455 220 199 320 1185 1009
0 0 375 924 1180 468 525 282 274 1047 1329 257 587 791 1186 570 343 582 822 871 826 594 418
0 375 0 1024 1139 346 654 392 426 1091 1533 494 680 1031 1208 821 174 675 915 964 919 438 263
0 924 1024 0 527 769 535 767 1034 1137 1277 682 527 882 1231 547 911 424 355 111 128 1153 978
0 1180 1139 527 0 908 814 1043 1232 1409 1322 958 803 1158 1277 823 997 700 440 485 511 1030 1090
0 468 346 769 908 0 622 498 629 1253 1551 534 670 1184 1370 849 407 614 731 734 705 622 537
0 525 654 535 814 622 0 428 696 899 1022 344 87 643 976 309 572 136 455 504 459 815 639
0 282 392 767 1043 498 428 0 339 1181 1304 243 451 926 1259 592 320 446 686 735 690 594 418
0 274 426 1034 1232 629 696 339 0 989 1273 433 660 745 1113 571 290 655 895 944 899 535 360
0 1047 1091 1137 1409 1253 899 1181 989 0 658 1021 822 392 301 529 806 798 996 1030 1049 1055 916
0 1329 1533 1277 1322 1551 1022 1304 1273 658 0 1327 1026 805 509 886 1293 1007 1095 1128 1185 1543 1403
0 257 494 682 958 534 344 243 433 1021 1327 0 506 741 1136 489 358 501 741 790 745 608 433
0 587 680 527 803 670 87 451 660 822 1026 506 0 669 1002 335 589 82 405 454 409 832 657
0 791 1031 882 1158 1184 643 926 745 392 805 741 669 0 552 353 1000 611 740 773 792 1245 1070
0 1186 1208 1231 1277 1370 976 1259 1113 301 509 1136 1002 552 0 760 1076 955 1043 1076 1134 1325 1186
0 570 821 547 823 849 309 592 571 529 886 489 335 353 760 0 801 307 514 553 518 1047 871
0 343 174 911 997 407 572 320 290 806 1293 358 589 1000 1076 801 0 643 883 932 888 325 172
0 582 675 424 700 614 136 446 655 798 1007 501 82 611 955 307 643 0 353 402 357 865 690
0 822 915 355 440 731 455 686 895 996 1095 741 405 740 1043 514 883 353 0 254 310 1120 944
0 871 964 111 485 734 504 735 944 1030 1128 790 454 773 1076 553 932 402 254 0 203 1143 967
0 826 919 128 511 705 459 690 899 1049 1185 745 409 792 1134 518 888 357 310 203 0 1114 939
0 594 438 1153 1030 622 815 594 535 1055 1543 608 832 1245 1325 1047 325 865 1120 1143 1114 0 266
0 418 263 978 1090 537 639 418 360 916 1403 433 657 1070 1186 871 172 690 944 967 939 266 0
