GRUBHUB: grubhub-05-0
DIMENSION: 11
0 449 796 112 608 885 1016 834 1320 640 946
0 0 518 611 795 437 568 981 1514 192 497
0 518 0 869 880 409 371 1066 1315 318 515
0 611 869 0 706 960 1091 932 1418 715 1042
0 795 880 706 0 1143 938 339 796 898 1204
0 437 409 960 1143 0 279 1377 1590 327 268
0 568 371 1091 938 279 0 1173 1270 359 459
0 981 1066 932 339 1377 1173 0 825 1149 1333
0 1514 1315 1418 796 1590 1270 825 0 1682 1537
0 192 318 715 898 327 359 1149 1682 0 382
0 497 515 1042 1204 268 459 1333 1537 382 0
