GRUBHUB: grubhub-08-3
DIMENSION: 17
0 668 1128 1371 1646 1024 844 382 587 1415 1379 1249 1054 714 504 1208 636
0 0 907 926 1395 562 708 671 869 849 876 745 511 243 489 740 571
0 907 0 1046 1154 1156 1256 1223 1434 538 918 541 441 732 1104 275 805
0 926 1046 0 518 487 648 1113 1324 891 504 1006 1012 984 980 1206 1369
0 1395 1154 518 0 851 933 1399 1610 951 726 1113 1234 1262 1266 1175 1654
0 562 1156 487 851 0 529 729 940 855 505 881 832 675 666 1075 1077
0 708 1256 648 933 529 0 510 721 1123 861 1065 1015 859 377 1258 813
0 671 1223 1113 1399 729 510 0 242 1283 1174 1179 1067 852 295 1295 818
0 869 1434 1324 1610 940 721 242 0 1456 1343 1352 1242 1027 468 1470 988
0 849 538 891 951 855 1123 1283 1456 0 474 249 552 820 1127 430 1156
0 876 918 504 726 505 861 1174 1343 474 0 630 636 737 977 830 1129
0 745 541 1006 1113 881 1065 1179 1352 249 630 0 358 606 914 478 966
0 511 441 1012 1234 832 1015 1067 1242 552 636 358 0 591 1015 228 745
0 243 732 984 1262 675 859 852 1027 820 737 606 591 0 691 632 621
0 489 1104 980 1266 666 377 295 468 1127 977 914 1015 691 0 1137 745
0 740 275 1206 1175 1075 1258 1295 1470 430 830 478 228 632 1137 0 823
0 571 805 1369 1654 1077 813 818 988 1156 1129 966 745 621 745 823 0
