GRUBHUB: grubhub-15-3
DIMENSION: 31
0 405 447 1105 600 1397 1347 558 962 1074 939 1158 681 1072 601 713 568 1072 1281 1034 1011 1091 595 1661 1479 664 508 612 426 949 543
0 0 110 1041 538 1335 1283 498 898 1006 918 1077 660 1010 580 606 461 1010 1195 972 947 1023 574 1640 1458 556 282 857 592 928 481
0 110 0 1044 542 1339 1287 502 902 1010 922 1081 664 1014 584 610 465 1014 1199 976 951 1026 578 1644 1462 560 381 788 538 932 485
0 1041 1044 0 890 727 551 688 183 850 1245 1081 881 628 792 681 765 628 1080 590 312 907 741 1711 1735 647 987 983 1091 1141 626
0 538 542 890 0 936 992 325 627 613 967 759 421 611 280 172 377 611 803 574 676 630 216 1639 1457 137 664 954 767 863 301
0 1335 1339 727 936 0 490 1177 809 666 712 976 928 447 976 1024 1246 447 925 484 696 723 1011 1034 1094 990 1393 1514 1603 640 969
0 1283 1287 551 992 490 0 995 634 918 947 1254 1072 535 995 921 1073 535 1031 447 488 975 931 1147 1256 886 1295 1340 1398 875 866
0 498 502 688 325 1177 995 0 562 822 862 968 585 820 426 315 83 820 1011 782 611 838 428 1584 1402 297 489 747 592 1072 420
0 898 902 183 627 809 634 562 0 668 1062 899 699 445 610 499 666 445 898 408 256 725 558 1735 1553 464 929 926 1032 959 444
0 1006 1010 850 613 666 918 822 668 0 512 410 510 438 508 622 850 438 313 542 751 57 543 1160 977 581 1040 1410 1143 374 560
0 918 922 1245 967 712 947 862 1062 512 0 376 945 693 944 1058 945 693 286 839 1221 519 979 958 776 1016 960 1397 1132 129 995
0 1077 1081 1081 759 976 1254 968 899 410 376 0 577 589 576 690 918 589 293 644 853 263 611 1184 1002 648 969 1406 1141 353 627
0 660 664 881 421 928 1072 585 699 510 945 577 0 617 205 305 485 617 667 638 864 495 199 1504 1322 327 606 975 710 728 531
0 1010 1014 628 611 447 535 820 445 438 693 589 617 0 577 617 828 0 695 146 549 487 594 1374 1238 582 1116 1154 1256 659 562
0 580 584 792 280 976 995 426 610 508 944 576 205 577 0 114 443 512 703 474 700 531 35 1540 1358 172 742 1120 845 764 388
0 606 610 681 172 1024 921 315 499 622 1058 690 305 617 114 0 323 594 785 556 705 613 108 1622 1440 51 814 1020 823 846 303
0 461 465 765 377 1246 1073 83 666 850 945 918 485 828 443 323 0 912 1061 874 712 931 435 1501 1319 368 406 733 509 789 531
0 1010 1014 628 611 447 535 820 445 438 693 589 617 0 512 594 912 0 695 146 549 487 594 1374 1238 582 1116 1154 1256 659 562
0 1195 1199 1080 803 925 1031 1011 898 313 286 293 667 695 703 785 1061 695 0 787 996 356 756 1044 862 791 1075 1527 1262 191 770
0 972 976 590 574 484 447 782 408 542 839 644 638 146 474 556 874 146 787 0 457 675 580 1440 1413 535 1069 1107 1172 834 515
0 947 951 312 676 696 488 611 256 751 1221 853 864 549 700 705 712 549 996 457 0 896 730 1462 1646 636 866 911 969 1130 603
0 1023 1026 907 630 723 975 838 725 57 519 263 495 487 531 613 931 487 356 675 896 0 692 1137 955 729 1174 1482 1291 360 708
0 574 578 741 216 1011 931 428 558 543 979 611 199 594 35 108 435 594 756 580 730 692 0 1502 1319 155 845 1066 878 725 329
0 1640 1644 1711 1639 1034 1147 1584 1735 1160 958 1184 1504 1374 1540 1622 1501 1374 1044 1440 1462 1137 1502 0 431 1565 1579 2016 1751 846 1544
0 1458 1462 1735 1457 1094 1256 1402 1553 977 776 1002 1322 1238 1358 1440 1319 1238 862 1413 1646 955 1319 431 0 1396 1410 1847 1582 677 1375
0 556 560 647 137 990 886 297 464 581 1016 648 327 582 172 51 368 582 791 535 636 729 155 1565 1396 0 763 986 772 842 279
0 282 381 987 664 1393 1295 489 929 1040 960 969 606 1116 742 814 406 1116 1075 1069 866 1174 845 1579 1410 763 0 933 668 865 501
0 857 788 983 954 1514 1340 747 926 1410 1397 1406 975 1154 1120 1020 733 1154 1527 1107 911 1482 1066 2016 1847 986 933 0 408 1387 901
0 592 538 1091 767 1603 1398 592 1032 1143 1132 1141 710 1256 845 823 509 1256 1262 1172 969 1291 878 1751 1582 772 668 408 0 1215 775
0 928 932 1141 863 640 875 1072 959 374 129 353 728 659 764 846 789 659 191 834 1130 360 725 846 677 842 865 1387 1215 0 858
0 481 485 626 301 969 866 420 444 560 995 627 531 562 388 303 531 562 770 515 603 708 329 1544 1375 279 501 901 775 858 0
