GRUBHUB: grubhub-07-4
DIMENSION: 15
0 363 500 998 1223 685 1075 1084 1238 1128 1255 623 695 1259 1212
0 0 210 1096 1195 776 1157 1166 1330 1120 1227 595 666 1356 1246
0 210 0 1060 1155 736 1111 1120 1290 1080 1187 555 626 1321 1206
0 1096 1060 0 693 370 643 576 387 397 799 719 479 476 480
0 1195 1155 693 0 845 1216 1108 935 375 414 793 704 590 405
0 776 736 370 845 0 599 608 684 580 858 466 412 731 706
0 1157 1111 643 1216 599 0 147 243 815 1187 1008 936 839 938
0 1166 1120 576 1108 608 147 0 263 808 1212 964 820 793 886
0 1330 1290 387 935 684 243 263 0 748 1121 1055 869 733 827
0 1120 1080 397 375 580 815 808 748 0 514 728 488 382 207
0 1227 1187 799 414 858 1187 1212 1121 514 0 783 741 645 509
0 595 555 719 793 466 1008 964 1055 728 783 0 454 996 811
0 666 626 479 704 412 936 820 869 488 741 454 0 735 605
0 1356 1321 476 590 731 839 793 733 382 645 996 735 0 288
0 1246 1206 480 405 706 938 886 827 207 509 811 605 288 0
