GRUBHUB: grubhub-14-3
DIMENSION: 29
0 738 909 1326 793 673 866 1272 1457 1270 1415 738 620 1742 1401 1436 1045 627 588 1293 1392 553 391 935 1156 997 625 751 559
0 0 713 924 345 360 697 870 1270 956 1224 0 444 1563 1232 1245 644 343 399 1114 1213 814 1077 282 802 925 735 235 468
0 713 0 841 872 887 927 822 1072 1206 1382 646 668 1440 1034 1402 984 490 982 1400 1478 1368 1174 748 1269 1385 1289 659 1031
0 924 841 0 781 1069 1266 49 685 500 773 887 1175 953 625 793 353 911 942 865 943 896 1165 767 580 872 825 887 822
0 345 872 781 0 649 846 597 997 683 951 467 755 1350 959 971 371 491 529 901 1000 752 1039 346 596 712 681 466 435
0 360 887 1069 649 0 675 1002 1421 1087 1324 298 329 1604 1365 1343 775 436 385 1156 1255 682 916 352 904 1084 700 421 445
0 697 927 1266 846 675 0 1258 1299 1344 1612 498 485 1649 1243 1633 1032 490 837 1589 1667 1167 1050 639 1300 1422 1144 510 886
0 870 822 49 597 1002 1258 0 740 483 751 838 1126 1007 668 772 304 862 893 847 925 847 1116 718 562 823 776 837 773
0 1270 1072 685 997 1421 1299 740 0 629 897 1187 1119 1085 679 918 697 951 1302 885 963 1191 1416 1120 684 1053 1185 1186 1182
0 956 1206 500 683 1087 1344 483 629 0 268 982 1100 710 500 289 415 1006 970 447 562 744 930 862 394 568 825 982 851
0 1224 1382 773 951 1324 1612 751 897 268 0 1220 1338 440 686 18 653 1244 1116 177 292 890 1076 1100 544 714 971 1219 997
0 0 646 887 467 298 498 838 1187 982 1220 0 444 1563 1232 1245 644 343 399 1114 1213 814 1077 282 802 925 735 235 468
0 444 668 1175 755 329 485 1126 1119 1100 1338 444 0 1532 1127 1488 888 353 592 1351 1450 817 794 380 1127 1250 835 448 641
0 1563 1440 953 1350 1604 1649 1007 1085 710 440 1563 1532 0 558 359 1036 1398 1508 456 457 1321 1507 1482 974 1010 1401 1602 1389
0 1232 1034 625 959 1365 1243 668 679 500 686 1232 1127 558 0 670 665 912 1270 764 858 1159 1383 1088 652 1021 1153 1147 1149
0 1245 1402 793 971 1343 1633 772 918 289 18 1245 1488 359 670 0 677 1267 1184 178 273 958 1144 1123 611 781 1038 1243 1064
0 644 984 353 371 775 1032 304 697 415 653 644 888 1036 665 677 0 716 652 622 701 606 875 572 320 582 535 692 532
0 343 490 911 491 436 490 862 951 1006 1244 343 353 1398 912 1267 716 0 619 1262 1340 965 895 314 982 1098 886 230 627
0 399 982 942 529 385 837 893 1302 970 1116 399 592 1508 1270 1184 652 619 0 1007 1106 544 798 497 766 888 493 527 159
0 1114 1400 865 901 1156 1589 847 885 447 177 1114 1351 456 764 178 622 1262 1007 0 177 890 1076 1061 528 576 936 1181 933
0 1213 1478 943 1000 1255 1667 925 963 562 292 1213 1450 457 858 273 701 1340 1106 177 0 953 1139 1125 592 573 1034 1244 1014
0 814 1368 896 752 682 1167 847 1191 744 890 814 817 1321 1159 958 606 965 544 890 953 0 339 955 603 481 233 1032 419
0 1077 1174 1165 1039 916 1050 1116 1416 930 1076 1077 794 1507 1383 1144 875 895 798 1076 1139 339 0 975 914 745 487 895 598
0 282 748 767 346 352 639 718 1120 862 1100 282 380 1482 1088 1123 572 314 497 1061 1125 955 975 0 784 900 870 191 623
0 802 1269 580 596 904 1300 562 684 394 544 802 1127 974 652 611 320 982 766 528 592 603 914 784 0 453 607 889 604
0 925 1385 872 712 1084 1422 823 1053 568 714 925 1250 1010 1021 781 582 1098 888 576 573 481 745 900 453 0 565 1054 751
0 735 1289 825 681 700 1144 776 1185 825 971 735 835 1401 1153 1038 535 886 493 936 1034 233 487 870 607 565 0 994 383
0 235 659 887 466 421 510 837 1186 982 1219 235 448 1602 1147 1243 692 230 527 1181 1244 1032 895 191 889 1054 994 0 485
0 468 1031 822 435 445 886 773 1182 851 997 468 641 1389 1149 1064 532 627 159 933 1014 419 598 623 604 751 383 485 0
