GRUBHUB: grubhub-13-0
DIMENSION: 27
0 559 971 387 518 1222 1078 1090 997 804 823 280 447 670 870 1035 719 1370 1357 1370 1197 689 800 348 365 1286 1250
0 0 793 297 180 1238 1124 983 855 672 464 508 351 832 956 870 765 1385 1183 1385 1353 853 1087 453 726 1205 1293
0 793 0 719 668 1795 1611 1559 1466 1268 1136 728 851 1319 1444 1502 1252 1736 1826 1736 1593 1340 1197 673 780 1869 1652
0 297 719 0 339 1191 1007 955 862 669 688 340 267 715 839 900 648 1378 1222 1378 1206 736 887 308 513 1265 1222
0 180 668 339 0 1400 1215 1163 1014 844 623 425 458 924 1048 1079 857 1544 1342 1544 1414 945 1095 370 664 1364 1431
0 1238 1795 1191 1400 0 260 441 605 756 882 1319 1094 631 468 800 476 312 435 312 272 706 657 1256 1403 226 236
0 1124 1611 1007 1215 260 0 279 451 601 728 1198 973 559 394 646 356 518 537 518 389 672 648 1135 1283 383 329
0 983 1559 955 1163 441 279 0 268 490 616 1076 851 510 403 461 353 676 554 676 577 627 493 1013 1160 506 517
0 855 1466 862 1014 605 451 268 0 334 467 1052 779 461 414 426 380 794 592 794 762 717 567 989 1137 615 703
0 672 1268 669 844 756 601 490 334 0 293 904 590 397 380 443 330 835 633 835 803 653 620 841 1032 655 743
0 464 1136 688 623 882 728 616 467 293 0 962 617 591 677 545 526 1059 858 1059 1028 847 917 907 1110 880 968
0 508 728 340 425 1319 1198 1076 1052 904 962 0 524 927 1051 1112 860 1641 1434 1641 1468 948 974 318 355 1477 1434
0 351 851 267 458 1094 973 851 779 590 617 524 0 746 870 820 679 1389 1187 1389 1237 767 1001 333 633 1210 1253
0 832 1319 715 924 631 559 510 461 397 591 927 746 0 367 748 205 894 872 894 722 342 547 799 851 783 750
0 956 1444 839 1048 468 394 403 414 380 677 1051 870 367 0 547 254 552 653 552 442 525 552 1034 1182 415 382
0 870 1502 900 1079 800 646 461 426 443 545 1112 820 748 547 0 616 948 666 948 883 937 815 1094 1286 735 823
0 765 1252 648 857 476 356 353 380 330 526 860 679 205 254 616 0 760 702 760 586 460 431 780 927 607 574
0 1385 1736 1378 1544 312 518 676 794 835 1059 1641 1389 894 552 948 760 0 282 0 376 838 817 1398 1546 117 397
0 1183 1826 1222 1342 435 537 554 592 633 858 1434 1187 872 653 666 702 282 0 336 540 906 772 1292 1439 302 545
0 1385 1736 1378 1544 312 518 676 794 835 1059 1641 1389 894 552 948 760 0 336 0 376 838 817 1398 1546 117 397
0 1353 1593 1206 1414 272 389 577 762 803 1028 1468 1237 722 442 883 586 376 540 376 0 486 542 1347 1227 363 220
0 853 1340 736 945 706 672 627 717 653 847 948 767 342 525 937 460 838 906 838 486 0 436 857 831 810 667
0 1087 1197 887 1095 657 648 493 567 620 917 974 1001 547 552 815 431 817 772 817 542 436 0 1212 1087 815 730
0 453 673 308 370 1256 1135 1013 989 841 907 318 333 799 1034 1094 780 1398 1292 1398 1347 857 1212 0 456 1375 1332
0 726 780 513 664 1403 1283 1160 1137 1032 1110 355 633 851 1182 1286 927 1546 1439 1546 1227 831 1087 456 0 1248 1142
0 1205 1869 1265 1364 226 383 506 615 655 880 1477 1210 783 415 735 607 117 302 117 363 810 815 1375 1248 0 352
0 1293 1652 1222 1431 236 329 517 703 743 968 1434 1253 750 382 823 574 397 545 397 220 667 730 1332 1142 352 0
