GRUBHUB: grubhub-08-5
DIMENSION: 17
0 1168 1108 869 691 358 889 192 664 1182 747 774 1052 368 716 368 283
0 0 767 686 1183 1059 540 1058 1291 582 656 1038 649 1237 1430 1237 1099
0 767 0 171 909 684 305 683 1137 472 329 825 857 861 1003 861 746
0 686 171 0 790 673 338 684 1245 542 305 814 833 850 909 850 735
0 1183 909 790 0 695 1006 479 764 1100 963 1284 1333 383 386 383 765
0 1059 684 673 695 0 763 357 886 1057 569 701 874 493 839 493 165
0 540 305 338 1006 763 0 673 1312 464 305 820 736 851 1044 851 736
0 1058 683 684 479 357 673 0 849 1027 659 914 963 383 576 383 398
0 1291 1137 1245 764 886 1312 849 0 1207 1280 1350 1584 611 687 611 948
0 582 472 542 1100 1057 464 1027 1207 0 760 1121 880 1280 1189 1280 1164
0 656 329 305 963 569 305 659 1280 760 0 589 556 846 1039 846 603
0 1038 825 814 1284 701 820 914 1350 1121 589 0 408 1118 1249 1118 628
0 649 857 833 1333 874 736 963 1584 880 556 408 0 1254 1466 1254 953
0 1237 861 850 383 493 851 383 611 1280 846 1118 1254 0 454 0 614
0 1430 1003 909 386 839 1044 576 687 1189 1039 1249 1466 454 0 423 851
0 1237 861 850 383 493 851 383 611 1280 846 1118 1254 0 423 0 614
0 1099 746 735 765 165 736 398 948 1164 603 628 953 614 851 614 0
