GRUBHUB: grubhub-09-7
DIMENSION: 19
0 1420 1284 835 860 1730 1520 1420 683 887 1286 1719 1396 746 991 1235 1197 1420 1481
0 0 213 1083 859 436 578 0 830 759 351 710 582 857 617 568 855 0 440
0 213 0 1224 694 645 740 210 675 687 175 893 687 760 462 631 919 210 509
0 1083 1224 0 827 1520 1291 1336 612 897 1069 1490 1167 867 907 1416 1699 1336 1402
0 859 694 827 0 1185 1258 740 301 390 606 1433 1098 360 311 802 1161 740 936
0 436 645 1520 1185 0 360 408 1200 1011 707 328 463 1110 946 747 1010 408 328
0 578 740 1291 1258 360 0 495 1253 1176 660 350 257 1275 1044 985 1270 495 588
0 0 210 1336 740 408 495 0 830 759 351 710 582 857 617 568 855 0 440
0 830 675 612 301 1200 1253 830 0 642 718 1451 1127 627 423 932 1292 852 1048
0 759 687 897 390 1011 1176 759 642 0 652 1195 1225 203 296 612 918 725 698
0 351 175 1069 606 707 660 351 718 652 0 865 620 780 488 731 1018 193 609
0 710 893 1490 1433 328 350 710 1451 1195 865 0 368 1395 1232 1010 1209 620 613
0 582 687 1167 1098 463 257 582 1127 1225 620 368 0 1352 1123 1035 1297 573 615
0 857 760 867 360 1110 1275 857 627 203 780 1395 1352 0 358 744 900 857 829
0 617 462 907 311 946 1044 617 423 296 488 1232 1123 358 0 584 944 580 725
0 568 631 1416 802 747 985 568 932 612 731 1010 1035 744 584 0 436 560 486
0 855 919 1699 1161 1010 1270 855 1292 918 1018 1209 1297 900 944 436 0 838 813
0 0 210 1336 740 408 495 0 852 725 193 620 573 857 580 560 838 0 440
0 440 509 1402 936 328 588 440 1048 698 609 613 615 829 725 486 813 440 0
