GRUBHUB: grubhub-03-0
DIMENSION: 7
0 1270 906 1024 726 1206 1262
0 0 518 327 962 219 505
0 518 0 349 501 400 369
0 327 349 0 727 184 525
0 962 501 727 0 783 907
0 219 400 184 783 0 591
0 505 369 525 907 591 0
