GRUBHUB: grubhub-12-9
DIMENSION: 25
0 1077 362 1356 1650 434 552 1401 1273 1162 1349 1381 1641 919 1394 1441 1657 784 725 489 1037 1498 1130 1384 1413
0 0 704 1120 1214 731 584 560 1261 704 1120 1304 1539 572 712 1306 1554 321 669 545 301 1083 528 1008 1196
0 704 0 1452 1746 479 435 1160 1270 1122 1397 1476 1719 850 1312 1537 1753 511 654 149 900 1495 1090 1381 1618
0 1120 1452 0 339 1157 1313 579 518 771 516 641 889 1031 612 643 661 1136 1042 1488 911 532 848 546 552
0 1214 1746 339 0 1364 1452 935 725 1127 723 812 743 1388 921 853 667 1492 1249 1761 1267 837 1204 850 738
0 731 479 1157 1364 0 218 1185 988 894 1115 1128 1300 654 1140 1158 1405 587 442 581 931 1213 914 1099 1160
0 584 435 1313 1452 218 0 1000 833 768 960 1070 1282 443 1000 1130 1346 398 217 497 716 1058 729 944 1182
0 560 1160 579 935 1185 1000 0 1052 505 896 939 1426 658 375 940 1158 725 836 947 351 799 397 783 850
0 1261 1270 518 725 988 833 1052 0 660 153 535 711 814 759 565 784 1041 741 1301 1016 383 946 413 488
0 704 1122 771 1127 894 768 505 660 0 472 762 998 492 316 764 1013 684 715 1132 470 479 337 360 602
0 1120 1397 516 723 1115 960 896 153 472 0 408 668 815 627 438 852 995 864 1424 901 268 804 298 375
0 1304 1476 641 812 1128 1070 939 535 762 408 0 591 1213 816 30 473 1321 973 1503 1128 535 1033 565 499
0 1539 1719 889 743 1300 1282 1426 711 998 668 591 0 1382 1142 566 494 1381 1176 1707 1535 863 1353 867 1031
0 572 850 1031 1388 654 443 658 814 492 815 1213 1382 0 671 1084 1333 348 264 783 351 862 400 742 974
0 712 1312 612 921 1140 1000 375 759 316 627 816 1142 671 0 714 963 640 706 1069 407 492 352 466 605
0 1306 1537 643 853 1158 1130 940 565 764 438 30 566 1084 714 0 503 1277 993 1723 1084 550 989 580 530
0 1554 1753 661 667 1405 1346 1158 784 1013 852 473 494 1333 963 503 0 1470 1274 1916 1273 774 1182 787 769
0 321 511 1136 1492 587 398 725 1041 684 995 1321 1381 348 640 1277 1470 0 338 436 481 1026 571 906 1139
0 669 654 1042 1249 442 217 836 741 715 864 973 1176 264 706 993 1274 338 0 698 573 1046 654 932 1169
0 545 149 1488 1761 581 497 947 1301 1132 1424 1503 1707 783 1069 1723 1916 436 698 0 752 1396 941 1277 1509
0 301 900 911 1267 931 716 351 1016 470 901 1128 1535 351 407 1084 1273 481 573 752 0 850 291 775 963
0 1083 1495 532 837 1213 1058 799 383 479 268 535 863 862 492 550 774 1026 1046 1396 850 0 744 238 117
0 528 1090 848 1204 914 729 397 946 337 804 1033 1353 400 352 989 1182 571 654 941 291 744 0 682 893
0 1008 1381 546 850 1099 944 783 413 360 298 565 867 742 466 580 787 906 932 1277 775 238 682 0 493
0 1196 1618 552 738 1160 1182 850 488 602 375 499 1031 974 605 530 769 1139 1169 1509 963 117 893 493 0
