GRUBHUB: grubhub-11-3
DIMENSION: 23
0 223 650 723 1302 515 461 760 1182 563 811 515 1018 515 304 72 589 827 822 890 1109 502 836
0 0 608 585 1121 678 599 807 1282 475 810 678 1088 496 442 175 447 874 944 677 928 640 919
0 608 0 796 1083 1069 1012 1130 1615 243 339 1069 1450 998 863 587 895 1196 1027 600 936 1101 1164
0 585 796 0 781 851 772 1176 1412 778 1180 851 1218 666 737 608 345 1243 1238 371 593 812 1178
0 1121 1083 781 0 1248 1228 1474 1227 1259 1315 1248 1124 1069 1307 1098 909 1519 1806 736 519 1268 1419
0 678 1069 851 1248 0 206 715 863 937 1201 0 732 248 332 491 712 823 952 1023 969 31 599
0 599 1012 772 1228 206 0 676 816 971 1183 221 651 294 369 529 745 810 940 1067 1063 213 560
0 807 1130 1176 1474 715 676 0 658 1169 1175 670 843 755 666 658 1125 330 507 1444 1440 676 281
0 1282 1615 1412 1227 863 816 658 0 1550 1661 803 714 919 902 1061 1319 844 955 1240 1302 822 781
0 475 243 778 1259 937 971 1169 1550 0 521 993 1438 890 774 504 760 1121 966 733 991 971 1089
0 810 339 1180 1315 1201 1183 1175 1661 521 0 1117 1361 1100 911 635 1111 1106 946 830 1166 1149 1074
0 678 1069 851 1248 0 221 670 803 993 1117 0 732 248 332 491 712 823 952 1023 969 31 599
0 1088 1450 1218 1124 732 651 843 714 1438 1361 732 0 640 678 837 1081 953 1083 1134 1174 598 853
0 496 998 666 1069 248 294 755 919 890 1100 248 640 0 543 651 568 1005 1135 839 785 295 807
0 442 863 737 1307 332 369 666 902 774 911 332 678 543 0 234 648 686 804 1045 1028 276 598
0 175 587 608 1098 491 529 658 1061 504 635 491 837 651 234 0 584 699 749 809 1060 489 744
0 447 895 345 909 712 745 1125 1319 760 1111 712 1081 568 648 584 0 1030 1025 682 707 539 905
0 874 1196 1243 1519 823 810 330 844 1121 1106 823 953 1005 686 699 1030 0 354 1458 1454 728 586
0 944 1027 1238 1806 952 940 507 955 966 946 952 1083 1135 804 749 1025 354 0 1446 1668 998 741
0 677 600 371 736 1023 1067 1444 1240 733 830 1023 1134 839 1045 809 682 1458 1446 0 636 992 1358
0 928 936 593 519 969 1063 1440 1302 991 1166 969 1174 785 1028 1060 707 1454 1668 636 0 935 1301
0 640 1101 812 1268 31 213 676 822 971 1149 31 598 295 276 489 539 728 998 992 935 0 592
0 919 1164 1178 1419 599 560 281 781 1089 1074 599 853 807 598 744 905 586 741 1358 1301 592 0
