GRUBHUB: grubhub-11-1
DIMENSION: 23
0 948 1382 285 813 505 846 1415 1717 948 572 1603 1385 1033 1061 1423 2069 1012 1636 1217 1106 1444 1492
0 0 539 795 214 773 624 572 874 0 456 760 891 302 263 1131 1496 391 901 374 484 664 917
0 539 0 1169 623 1052 864 125 456 509 853 405 763 497 445 874 1188 584 626 276 549 458 711
0 795 1169 0 707 544 881 1193 1495 763 388 1381 1394 961 929 1417 2117 1022 1522 995 1115 1285 1501
0 214 623 707 0 557 474 694 996 192 290 882 964 377 345 1047 1618 465 1023 496 559 786 977
0 773 1052 544 557 0 341 1162 1177 777 596 1128 873 744 754 1061 1654 723 1299 915 689 1108 954
0 624 864 881 474 341 0 910 1076 441 555 1099 771 546 575 901 1552 526 1197 712 587 1006 852
0 572 125 1193 694 1162 910 0 386 582 926 380 719 570 518 853 1144 657 599 349 622 510 784
0 874 456 1495 996 1177 1076 386 0 808 1152 242 384 733 743 616 810 790 426 580 761 440 436
0 0 509 763 192 777 441 582 808 0 456 760 891 302 263 1131 1496 391 901 374 484 664 917
0 456 853 388 290 596 555 926 1152 456 0 1137 1162 680 648 1135 1873 768 1278 751 862 1041 1020
0 760 405 1381 882 1128 1099 380 242 760 1137 0 529 722 671 665 954 810 411 502 775 418 668
0 891 763 1394 964 873 771 719 384 891 1162 529 0 729 719 541 987 707 575 630 623 538 346
0 302 497 961 377 744 546 570 733 302 680 722 729 0 139 887 1390 88 760 266 182 542 675
0 263 445 929 345 754 575 518 743 263 648 671 719 139 0 1015 1519 139 888 395 233 671 803
0 1131 874 1417 1047 1061 901 853 616 1131 1135 665 541 887 1015 0 935 971 470 732 798 573 419
0 1496 1188 2117 1618 1654 1552 1144 810 1496 1873 954 987 1390 1519 935 0 1357 953 1118 1212 967 805
0 391 584 1022 465 723 526 657 790 391 768 810 707 88 139 971 1357 0 828 333 94 609 742
0 901 626 1522 1023 1299 1197 599 426 901 1278 411 575 760 888 470 953 828 0 543 757 258 315
0 374 276 995 496 915 712 349 580 374 751 502 630 266 395 732 1118 333 543 0 271 342 595
0 484 549 1115 559 689 587 622 761 484 862 775 623 182 233 798 1212 94 757 271 0 593 704
0 664 458 1285 786 1108 1006 510 440 664 1041 418 538 542 671 573 967 609 258 342 593 0 514
0 917 711 1501 977 954 852 784 436 917 1020 668 346 675 803 419 805 742 315 595 704 514 0
