GRUBHUB: grubhub-06-6
DIMENSION: 13
0 867 773 780 1007 628 254 905 937 1094 1115 587 838
0 0 362 1050 1286 906 1127 102 607 1054 1296 728 686
0 362 0 1070 1297 918 949 325 513 1171 1405 819 792
0 1050 1070 0 373 185 768 1000 1471 690 426 347 684
0 1286 1297 373 0 170 748 967 1437 628 507 314 679
0 906 918 185 170 0 647 865 1341 656 580 212 627
0 1127 949 768 748 647 0 1039 1111 1166 1054 620 1018
0 102 325 1000 967 865 1039 0 505 1154 1383 796 775
0 607 513 1471 1437 1341 1111 505 0 1575 1600 1223 1196
0 1054 1171 690 628 656 1166 1154 1575 0 675 694 687
0 1296 1405 426 507 580 1054 1383 1600 675 0 572 748
0 728 819 347 314 212 620 796 1223 694 572 0 402
0 686 792 684 679 627 1018 775 1196 687 748 402 0
