GRUBHUB: grubhub-15-1
DIMENSION: 31
0 559 404 665 978 860 1159 623 782 388 555 450 982 302 359 306 196 516 828 516 787 450 497 867 732 478 302 622 503 408 722
0 0 749 187 652 577 714 683 842 640 523 341 694 772 504 823 713 658 870 658 1003 341 1022 482 631 576 533 688 602 586 652
0 749 0 788 1101 1009 1282 466 625 297 398 444 1104 124 428 393 421 833 1061 833 933 444 444 1017 579 713 296 856 754 251 872
0 187 788 0 507 550 549 799 957 794 671 489 606 871 658 885 807 570 782 570 915 489 1108 455 690 521 693 600 514 741 632
0 652 1101 507 0 655 358 993 1148 1108 929 862 437 1185 1029 1199 1121 797 770 797 838 862 1422 560 884 786 1041 827 741 1083 737
0 577 1009 550 655 0 535 630 674 912 692 613 977 1063 795 1114 1005 1135 1310 1135 1378 613 1135 132 647 1004 840 1164 1045 858 267
0 714 1282 549 358 535 0 845 889 1203 994 927 715 1146 1109 1297 1319 1091 1048 1091 1116 927 1350 424 949 1042 1128 1121 1035 1040 698
0 683 466 799 993 630 845 0 159 316 207 281 1272 526 436 637 565 1031 1091 1031 1030 281 824 715 179 910 444 1054 952 261 539
0 842 625 957 1148 674 889 159 0 481 372 446 1437 691 601 802 730 1196 1134 1196 1073 446 827 729 344 1075 609 1219 1117 426 573
0 640 297 794 1108 912 1203 316 481 0 339 357 986 297 323 321 249 715 943 715 906 357 554 955 520 595 153 738 636 192 767
0 523 398 671 929 692 994 207 372 339 0 170 1112 419 329 530 458 924 1152 924 1114 170 717 684 207 803 337 947 845 154 523
0 341 444 489 862 613 927 281 446 357 170 0 953 502 252 618 546 832 1060 832 1106 0 799 596 288 712 271 855 753 242 451
0 694 1104 606 437 977 715 1272 1437 986 1112 953 0 1089 934 1103 1026 701 732 701 766 961 1326 843 1151 690 945 731 645 1074 1020
0 772 124 871 1185 1063 1146 526 691 297 419 502 1089 0 376 293 317 709 937 709 912 409 518 949 550 588 249 732 630 221 791
0 504 428 658 1029 795 1109 436 601 323 329 252 934 376 0 513 404 676 904 676 950 239 712 656 521 556 239 699 597 340 511
0 823 393 885 1199 1114 1297 637 802 321 530 618 1103 293 513 0 106 629 788 629 656 614 269 1104 754 589 502 735 614 425 960
0 713 421 807 1121 1005 1319 565 730 249 458 546 1026 317 404 106 0 521 715 521 654 505 328 996 645 480 397 627 505 317 851
0 658 833 570 797 1135 1091 1031 1196 715 924 832 701 709 676 629 521 0 323 0 566 841 779 937 1122 151 634 100 207 808 1114
0 870 1061 782 770 1310 1048 1091 1134 943 1152 1060 732 937 904 788 715 323 0 426 252 1160 832 1222 1028 515 952 327 460 1035 1400
0 658 833 570 797 1135 1091 1031 1196 715 924 832 701 709 676 629 521 0 426 0 566 841 779 937 1122 151 634 100 207 808 1114
0 1003 933 915 838 1378 1116 1030 1073 906 1114 1106 766 912 950 656 654 566 252 566 0 1260 980 1362 1176 629 1052 524 574 1183 1532
0 341 444 489 862 613 927 281 446 357 170 0 961 409 239 614 505 841 1160 841 1260 0 799 596 288 712 271 855 753 242 451
0 1022 444 1108 1422 1135 1350 824 827 554 717 799 1326 518 712 269 328 779 832 779 980 799 0 1244 814 811 685 873 837 658 1183
0 482 1017 455 560 132 424 715 729 955 684 596 843 949 656 1104 996 937 1222 937 1362 596 1244 0 625 890 830 1023 932 824 315
0 631 579 690 884 647 949 179 344 520 207 288 1151 550 521 754 645 1122 1028 1122 1176 288 814 625 0 1000 557 1143 1041 354 450
0 576 713 521 786 1004 1042 910 1075 595 803 712 690 588 556 589 480 151 515 151 629 712 811 890 1000 0 573 208 157 757 1052
0 533 296 693 1041 840 1128 444 609 153 337 271 945 249 239 502 397 634 952 634 1052 271 685 830 557 573 0 711 609 243 663
0 688 856 600 827 1164 1121 1054 1219 738 947 855 731 732 699 735 627 100 327 100 524 855 873 1023 1143 208 711 0 203 877 1172
0 602 754 514 741 1045 1035 952 1117 636 845 753 645 630 597 614 505 207 460 207 574 753 837 932 1041 157 609 203 0 851 1147
0 586 251 741 1083 858 1040 261 426 192 154 242 1074 221 340 425 317 808 1035 808 1183 242 658 824 354 757 243 877 851 0 633
0 652 872 632 737 267 698 539 573 767 523 451 1020 791 511 960 851 1114 1400 1114 1532 451 1183 315 450 1052 663 1172 1147 633 0
