GRUBHUB: grubhub-12-0
DIMENSION: 25
0 1397 1368 617 778 1336 1199 854 846 815 901 1326 1289 628 516 1794 1556 1176 1539 1398 1001 1285 1211 648 660
0 0 571 905 843 63 370 655 927 1086 631 466 880 900 1306 823 769 615 744 229 793 271 283 876 877
0 571 0 932 1019 560 709 1010 1114 1020 986 804 1242 943 1265 964 543 976 951 509 1155 604 451 1177 975
0 905 932 0 497 879 742 351 344 470 415 875 946 4 495 1584 1302 774 1084 941 599 828 915 238 36
0 843 1019 497 0 834 734 653 235 492 561 1051 1251 387 732 1333 1106 1051 1260 679 905 755 635 556 419
0 63 560 879 834 0 307 592 865 1180 568 403 818 838 1244 860 806 552 681 291 731 300 345 813 814
0 370 709 742 734 307 0 459 731 1080 435 435 684 704 1110 916 888 419 645 360 597 222 334 680 681
0 655 1010 351 653 592 459 0 546 846 233 541 764 370 785 1286 1178 542 751 643 368 530 617 307 346
0 927 1114 344 235 865 731 546 0 455 371 861 1061 197 623 1484 1104 861 1070 831 715 805 787 366 229
0 1086 1020 470 492 1180 1080 846 455 0 718 1209 1296 443 379 1360 1122 1124 1418 906 949 1062 782 596 475
0 631 986 415 561 568 435 233 371 718 0 611 876 402 808 1320 1212 611 820 677 478 564 651 262 378
0 466 804 875 1051 403 435 541 861 1209 611 0 561 883 1289 835 930 294 370 653 486 613 707 800 860
0 880 1242 946 1251 818 684 764 1061 1296 876 561 0 960 1234 1196 1426 349 413 1079 611 982 1093 1076 992
0 900 943 4 387 838 704 370 197 443 402 883 960 0 501 1576 1307 779 1076 933 605 820 907 230 28
0 1306 1265 495 732 1244 1110 785 623 379 808 1289 1234 501 0 1663 1425 1113 1474 1193 938 1218 1149 586 515
0 823 964 1584 1333 860 916 1286 1484 1360 1320 835 1196 1576 1663 0 440 968 846 838 1160 1040 887 1416 1417
0 769 543 1302 1106 806 888 1178 1104 1122 1212 930 1426 1307 1425 440 0 1298 1197 836 1476 919 766 1492 1289
0 615 976 774 1051 552 419 542 861 1124 611 294 349 779 1113 968 1298 0 457 806 337 668 779 804 888
0 744 951 1084 1260 681 645 751 1070 1418 820 370 413 1076 1474 846 1197 457 0 836 741 856 769 1043 1102
0 229 509 941 679 291 360 643 831 906 677 653 1079 933 1193 838 836 806 836 0 793 202 49 844 876
0 793 1155 599 905 731 597 368 715 949 478 486 611 605 938 1160 1476 337 741 793 0 632 716 652 736
0 271 604 828 755 300 222 530 805 1062 564 613 982 820 1218 1040 919 668 856 202 632 0 294 705 777
0 283 451 915 635 345 334 617 787 782 651 707 1093 907 1149 887 766 779 769 49 716 294 0 827 827
0 876 1177 238 556 813 680 307 366 596 262 800 1076 230 586 1416 1492 804 1043 844 652 705 827 0 238
0 877 975 36 419 814 681 346 229 475 378 860 992 28 515 1417 1289 888 1102 876 736 777 827 238 0
