GRUBHUB: grubhub-08-8
DIMENSION: 17
0 754 406 583 754 952 1329 918 814 1604 1726 1549 1468 641 679 905 873
0 0 681 273 591 299 772 759 1018 938 1260 856 1037 396 517 753 470
0 681 0 351 403 721 1015 1124 1045 1290 1558 1226 1459 377 328 1118 836
0 273 351 0 457 487 838 1002 1261 1113 1382 1049 1266 232 379 995 713
0 591 403 457 0 476 703 1273 1532 978 1247 914 1161 308 94 1266 984
0 299 721 487 476 0 563 955 1136 729 1051 647 828 450 441 870 667
0 772 1015 838 703 563 0 1176 1345 430 788 520 738 846 714 1079 1026
0 759 1124 1002 1273 955 1176 0 415 1316 1375 1012 1193 1158 1236 208 639
0 1018 1045 1261 1532 1136 1345 415 0 1242 970 1004 891 1145 1288 395 760
0 938 1290 1113 978 729 430 1316 1242 0 521 413 631 1177 1045 1168 1286
0 1260 1558 1382 1247 1051 788 1375 970 521 0 361 377 1273 1141 1193 1311
0 856 1226 1049 914 647 520 1012 1004 413 361 0 218 996 865 908 1027
0 1037 1459 1266 1161 828 738 1193 891 631 377 218 0 1171 1040 1072 1163
0 396 377 232 308 450 846 1158 1145 1177 1273 996 1171 0 239 1059 776
0 517 328 379 94 441 714 1236 1288 1045 1141 865 1040 239 0 1246 964
0 753 1118 995 1266 870 1079 208 395 1168 1193 908 1072 1059 1246 0 411
0 470 836 713 984 667 1026 639 760 1286 1311 1027 1163 776 964 411 0
