GRUBHUB: grubhub-04-3
DIMENSION: 9
0 1156 1211 1278 1471 883 931 1067 1112
0 0 387 1003 1145 1235 645 864 867
0 387 0 937 1311 1071 481 767 783
0 1003 937 0 584 659 692 299 368
0 1145 1311 584 0 816 1026 716 779
0 1235 1071 659 816 0 617 551 596
0 645 481 692 1026 617 0 474 520
0 864 767 299 716 551 474 0 69
0 867 783 368 779 596 520 69 0
