GRUBHUB: grubhub-03-8
DIMENSION: 7
0 830 788 442 578 538 473
0 0 311 437 409 1168 1064
0 311 0 564 290 1049 945
0 437 564 0 382 844 764
0 409 290 382 0 759 655
0 1168 1049 844 759 0 180
0 1064 945 764 655 180 0
