GRUBHUB: grubhub-15-8
DIMENSION: 31
0 466 675 1269 1353 383 423 514 675 422 954 736 405 276 808 1469 1470 297 936 389 594 595 640 326 531 1067 1244 249 782 389 708
0 0 354 1014 1209 739 359 861 729 811 1307 1072 740 665 1197 1144 1178 686 1325 455 271 974 1030 706 295 742 1006 629 1171 455 1063
0 354 0 1166 1368 974 290 1008 941 834 1133 1141 996 826 1081 1309 1312 847 1246 383 388 908 998 917 581 833 1166 840 1098 383 910
0 1014 1166 0 580 967 1220 1084 681 1132 871 1038 974 1267 1276 619 414 1327 1404 1318 903 1155 1306 1149 852 595 377 1150 1279 1318 1377
0 1209 1368 580 0 1102 1355 1232 816 1066 1011 1178 1110 1273 1210 1020 797 1321 1338 1454 1213 944 1240 1284 987 862 552 1285 1213 1454 1311
0 739 974 967 1102 0 657 285 486 458 765 488 217 392 737 1368 1282 389 865 623 828 423 677 193 514 965 1055 219 740 623 748
0 359 290 1220 1355 657 0 768 771 732 986 1088 757 586 935 1344 1347 607 1099 130 420 761 852 678 489 868 1200 601 951 130 764
0 861 1008 1084 1232 285 768 0 689 174 705 429 491 183 525 1564 1484 288 653 714 947 285 392 246 627 1168 1258 178 526 714 463
0 729 941 681 816 486 771 689 0 710 678 539 343 719 852 1297 1092 695 980 779 862 523 872 517 480 830 993 518 855 779 967
0 811 834 1132 1066 458 732 174 710 0 578 532 594 234 463 1550 1327 315 591 624 872 388 219 349 730 1271 1169 281 437 624 289
0 1307 1133 871 1011 765 986 705 678 578 0 437 788 681 618 1300 1095 729 746 947 1286 437 648 760 1105 1154 930 692 621 947 719
0 1072 1141 1038 1178 488 1088 429 539 532 437 0 553 682 808 1641 1436 789 936 1095 1235 364 828 666 853 1167 1132 619 811 1095 923
0 740 996 974 1110 217 757 491 343 594 788 553 0 395 637 1395 1289 379 765 709 915 307 631 201 612 972 1062 214 640 709 702
0 665 826 1267 1273 392 586 183 719 234 681 682 395 0 615 1572 1560 124 744 530 763 362 437 260 634 1170 1334 202 578 530 508
0 1197 1081 1276 1210 737 935 525 852 463 618 808 637 615 0 1629 1406 686 204 940 1243 452 263 631 1012 1452 1248 563 127 940 358
0 1144 1309 619 1020 1368 1344 1564 1297 1550 1300 1641 1395 1572 1629 0 442 1499 1902 1428 1012 1445 1794 1447 931 499 818 1312 1777 1428 1889
0 1178 1312 414 797 1282 1347 1484 1092 1327 1095 1436 1289 1560 1406 442 0 1445 1462 1488 1072 1069 1364 1433 1045 659 376 1434 1337 1488 1435
0 686 847 1327 1321 389 607 288 695 315 729 789 379 124 686 1499 1445 0 803 581 814 483 508 240 615 1150 1330 236 649 581 579
0 1325 1246 1404 1338 865 1099 653 980 591 746 936 765 744 204 1902 1462 803 0 1032 1335 544 355 723 1104 1544 1340 655 167 1032 451
0 455 383 1318 1454 623 130 714 779 624 947 1095 709 530 940 1428 1488 581 1032 0 505 720 878 671 605 974 1306 594 968 0 780
0 271 388 903 1213 828 420 947 862 872 1286 1235 915 763 1243 1012 1072 814 1335 505 0 1116 1120 847 485 561 893 770 1261 555 1151
0 974 908 1155 944 423 761 285 523 388 437 364 307 362 452 1445 1069 483 544 720 1116 0 516 394 775 1160 1251 326 499 864 611
0 1030 998 1306 1240 677 852 392 872 219 648 828 631 437 263 1794 1364 508 355 878 1120 516 0 582 963 1444 1240 514 218 817 219
0 706 917 1149 1284 193 678 246 517 349 760 666 201 260 631 1447 1433 240 723 671 847 394 582 0 493 1029 1210 44 663 582 654
0 295 581 852 987 514 489 627 480 730 1105 853 612 634 1012 931 1045 615 1104 605 485 775 963 493 0 623 891 471 1156 583 1103
0 742 833 595 862 965 868 1168 830 1271 1154 1167 972 1170 1452 499 659 1150 1544 974 561 1160 1444 1029 623 0 498 962 1392 1054 1504
0 1006 1166 377 552 1055 1200 1258 993 1169 930 1132 1062 1334 1248 818 376 1330 1340 1306 893 1251 1240 1210 891 498 0 1232 1130 1400 1228
0 629 840 1150 1285 219 601 178 518 281 692 619 214 202 563 1312 1434 236 655 594 770 326 514 44 471 962 1232 0 660 536 629
0 1171 1098 1279 1213 740 951 526 855 437 621 811 640 578 127 1777 1337 649 167 968 1261 499 218 663 1156 1392 1130 660 0 918 337
0 455 383 1318 1454 623 130 714 779 624 947 1095 709 530 940 1428 1488 581 1032 0 555 864 817 582 583 1054 1400 536 918 0 780
0 1063 910 1377 1311 748 764 463 967 289 719 923 702 508 358 1889 1435 579 451 780 1151 611 219 654 1103 1504 1228 629 337 780 0
