GRUBHUB: grubhub-14-1
DIMENSION: 29
0 501 478 1087 659 507 898 1032 859 1507 1045 824 956 560 952 720 760 958 549 534 531 778 631 816 999 599 1038 794 550
0 0 769 670 398 840 1139 756 457 1089 709 757 1101 77 759 549 664 643 60 176 204 739 615 428 670 513 762 543 298
0 769 0 1336 908 217 643 1281 1108 1756 1295 1073 1146 875 1153 927 960 1207 864 832 804 1027 876 1065 1248 848 1287 1043 799
0 670 1336 0 573 1396 1667 253 465 475 177 979 1218 629 650 532 1011 178 569 599 627 986 890 419 139 770 338 746 556
0 398 908 573 0 1078 1339 483 377 933 473 619 919 489 895 690 962 385 461 474 502 626 530 332 426 410 490 421 196
0 840 217 1396 1078 0 478 1415 1242 1752 1429 1207 1211 895 1136 948 944 1341 884 852 824 1161 941 1199 1382 982 1422 1177 933
0 1139 643 1667 1339 478 0 1576 1404 1771 1590 1335 1278 1200 1592 1352 1399 1502 1182 1257 1229 1288 1064 1360 1543 1083 1583 1301 1094
0 756 1281 253 483 1415 1576 0 353 736 307 756 1027 585 880 563 999 274 548 570 598 763 667 308 293 547 268 546 334
0 457 1108 465 377 1242 1404 353 0 748 286 822 1121 473 744 457 863 220 412 443 471 828 733 213 247 612 447 624 399
0 1089 1756 475 933 1752 1771 736 748 0 557 859 1025 974 985 877 1256 625 913 944 972 964 1049 866 564 1083 530 944 898
0 709 1295 177 473 1429 1590 307 286 557 0 876 1084 690 961 577 1080 178 629 660 688 883 787 398 50 667 205 612 453
0 757 1073 979 619 1207 1335 756 822 859 876 0 612 719 1269 1064 1172 759 701 791 800 83 528 705 800 292 796 349 468
0 1101 1146 1218 919 1211 1278 1027 1121 1025 1084 612 0 1040 1452 1337 1494 1081 1023 1113 1122 475 582 1027 1122 572 1023 632 792
0 77 875 629 489 895 1200 585 473 974 690 719 1040 0 786 577 691 671 87 203 232 781 657 455 698 554 790 571 326
0 759 1153 650 895 1136 1592 880 744 985 961 1269 1452 786 0 414 405 698 643 552 524 1291 1195 734 655 1075 752 1086 861
0 549 927 532 690 948 1352 563 457 877 577 1064 1337 577 414 0 554 486 474 433 405 1142 1046 538 528 926 728 937 712
0 664 960 1011 962 944 1399 999 863 1256 1080 1172 1494 691 405 554 0 830 514 423 395 1161 1066 605 857 945 939 956 732
0 643 1207 178 385 1341 1502 274 220 625 178 759 1081 671 698 486 830 0 515 546 574 938 842 408 169 722 369 733 508
0 60 864 569 461 884 1182 548 412 913 629 701 1023 87 643 474 514 515 0 116 144 804 680 368 611 577 703 528 283
0 176 832 599 474 852 1257 570 443 944 660 791 1113 203 552 433 423 546 116 0 28 920 789 415 641 693 749 632 388
0 204 804 627 502 824 1229 598 471 972 688 800 1122 232 524 405 395 574 144 28 0 922 805 405 636 696 739 660 416
0 739 1027 986 626 1161 1288 763 828 964 883 83 475 781 1291 1142 1161 938 804 920 922 0 493 727 822 246 818 371 490
0 615 876 890 530 941 1064 667 733 1049 787 528 582 657 1195 1046 1066 842 680 789 805 493 0 649 744 228 739 446 412
0 428 1065 419 332 1199 1360 308 213 866 398 705 1027 455 734 538 605 408 368 415 405 727 649 0 387 582 529 594 369
0 670 1248 139 426 1382 1543 293 247 564 50 800 1122 698 655 528 857 169 611 641 636 822 744 387 0 661 199 607 448
0 513 848 770 410 982 1083 547 612 1083 667 292 572 554 1075 926 945 722 577 693 696 246 228 582 661 0 662 325 334
0 762 1287 338 490 1422 1583 268 447 530 205 796 1023 790 752 728 939 369 703 749 739 818 739 529 199 662 0 625 612
0 543 1043 746 421 1177 1301 546 624 944 612 349 632 571 1086 937 956 733 528 632 660 371 446 594 607 325 625 0 319
0 298 799 556 196 933 1094 334 399 898 453 468 792 326 861 712 732 508 283 388 416 490 412 369 448 334 612 319 0
