GRUBHUB: grubhub-03-4
DIMENSION: 7
0 593 724 941 911 371 418
0 0 291 480 957 425 528
0 291 0 246 715 503 650
0 480 246 0 860 761 901
0 957 715 860 0 952 1091
0 425 503 761 952 0 418
0 528 650 901 1091 418 0
