GRUBHUB: grubhub-15-5
DIMENSION: 31
0 801 1031 1326 1460 1244 1274 612 69 242 943 1125 1309 1284 1506 1890 1736 298 810 803 743 816 582 1176 1338 1343 986 178 654 1349 1276
0 0 628 650 995 888 998 205 847 797 275 687 1039 957 1134 1561 1534 751 316 420 701 433 576 616 820 801 311 715 568 757 892
0 628 0 532 733 1274 1214 577 891 1161 696 260 582 679 918 1153 856 715 471 464 619 452 755 850 1127 479 531 1097 567 479 465
0 650 532 0 360 1010 1139 884 1440 1421 682 454 389 306 545 1023 996 1264 726 794 1170 793 1196 576 853 270 625 1323 1117 106 566
0 995 733 360 0 779 926 1063 1355 1444 861 728 192 102 204 862 924 1179 843 885 1083 873 1220 535 620 545 804 1436 1032 273 621
0 888 1274 1010 779 0 227 890 1256 1062 772 1133 771 747 741 1108 1372 1248 992 1061 1180 1074 1099 574 238 1068 904 1070 1091 985 1081
0 998 1214 1139 926 227 0 1054 1303 1109 861 1158 796 772 758 1137 1397 1295 1077 1145 1227 1158 1146 658 330 1094 964 1117 1138 983 1106
0 205 577 884 1063 890 1054 0 767 850 388 772 1159 1077 1254 1681 1412 609 370 362 567 376 465 730 933 921 431 743 457 877 977
0 847 891 1440 1355 1256 1303 767 0 240 987 1168 1358 1334 1556 1939 1779 347 853 846 792 859 632 1186 1362 1387 1029 210 703 1392 1319
0 797 1161 1421 1444 1062 1109 850 240 0 870 1341 1460 1553 1579 2157 1904 544 978 1019 860 1032 810 1011 1215 1396 906 124 771 1352 1492
0 275 696 682 861 772 861 388 987 870 0 748 959 877 1054 1481 1454 927 376 444 825 457 812 516 765 721 231 940 780 677 884
0 687 260 454 728 1133 1158 772 1168 1341 748 0 722 639 878 1352 987 939 427 469 843 457 980 807 1083 350 487 1173 792 439 337
0 1039 582 389 192 771 796 1159 1358 1460 959 722 0 111 332 729 792 1126 929 971 1030 959 1166 677 748 631 890 1588 979 359 567
0 957 679 306 102 747 772 1077 1334 1553 877 639 111 0 253 770 899 1172 816 858 1076 846 1212 564 669 517 777 1475 1025 246 613
0 1134 918 545 204 741 758 1254 1556 1579 1054 878 332 253 0 808 931 1141 992 1059 1044 1047 1181 596 473 570 890 1446 993 442 582
0 1561 1153 1023 862 1108 1137 1681 1939 2157 1481 1352 729 770 808 0 581 1630 1468 1536 1533 1549 1670 1255 1102 1015 1367 2065 1482 864 1071
0 1534 856 996 924 1372 1397 1412 1779 1904 1454 987 792 899 931 581 0 1437 1308 1353 1341 1341 1478 1262 1390 1022 1291 1794 1290 872 926
0 751 715 1264 1179 1248 1295 609 347 544 927 939 1126 1172 1141 1630 1437 0 727 720 451 733 306 1185 1388 1213 886 517 383 1200 1146
0 316 471 726 843 992 1077 370 853 978 376 427 929 816 992 1468 1308 727 0 67 552 80 733 552 866 649 193 899 507 588 636
0 420 464 794 885 1061 1145 362 846 1019 444 469 971 858 1059 1536 1353 720 67 0 516 13 697 603 917 700 244 967 470 638 686
0 701 619 1170 1083 1180 1227 567 792 860 825 843 1030 1076 1044 1533 1341 451 552 516 0 533 322 1003 1206 1066 720 846 163 1147 999
0 433 452 793 873 1074 1158 376 859 1032 457 457 959 846 1047 1549 1341 733 80 13 533 0 709 615 929 712 256 980 483 650 698
0 576 755 1196 1220 1099 1146 465 632 810 812 980 1166 1212 1181 1670 1478 306 733 697 322 709 0 1066 1270 1129 767 649 245 1112 1026
0 616 850 576 535 574 658 730 1186 1011 516 807 677 564 596 1255 1262 1185 552 603 1003 615 1066 0 404 799 490 939 983 586 1029
0 820 1127 853 620 238 330 933 1362 1215 765 1083 748 669 473 1102 1390 1388 866 917 1206 929 1270 404 0 1071 755 1110 1132 805 1044
0 801 479 270 545 1068 1094 921 1387 1396 721 350 631 517 570 1015 1022 1213 649 700 1066 712 1129 799 1071 0 688 1386 972 458 407
0 311 531 625 804 904 964 431 1029 906 231 487 890 777 890 1367 1291 886 193 244 720 256 767 490 755 688 0 1049 768 495 698
0 715 1097 1323 1436 1070 1117 743 210 124 940 1173 1588 1475 1446 2065 1794 517 899 967 846 980 649 939 1110 1386 1049 0 677 1296 1428
0 568 567 1117 1032 1091 1138 457 703 771 780 792 979 1025 993 1482 1290 383 507 470 163 483 245 983 1132 972 768 677 0 1056 970
0 757 479 106 273 985 983 877 1392 1352 677 439 359 246 442 864 872 1200 588 638 1147 650 1112 586 805 458 495 1296 1056 0 666
0 892 465 566 621 1081 1106 977 1319 1492 884 337 567 613 582 1071 926 1146 636 686 999 698 1026 1029 1044 407 698 1428 970 666 0
