GRUBHUB: grubhub-07-0
DIMENSION: 15
0 519 1150 917 966 535 1067 1623 1121 902 851 561 788 1449 1224
0 0 777 522 611 16 667 1153 659 603 324 410 315 989 862
0 777 0 402 696 664 146 805 224 563 514 848 540 528 462
0 522 402 0 296 485 352 903 217 677 276 497 490 546 484
0 611 696 296 0 595 672 1185 538 823 405 561 637 702 488
0 16 664 485 595 0 651 1137 642 587 308 427 299 972 879
0 667 146 352 672 651 0 700 268 591 612 910 616 523 557
0 1153 805 903 1185 1137 700 0 746 1052 1079 1385 1083 695 768
0 659 224 217 538 642 268 746 0 537 447 708 536 432 401
0 603 563 677 823 587 591 1052 537 0 490 869 390 842 783
0 324 514 276 405 308 612 1079 447 490 0 520 312 738 656
0 410 848 497 561 427 910 1385 708 869 520 0 610 1016 792
0 315 540 490 637 299 616 1083 536 390 312 610 0 803 741
0 989 528 546 702 972 523 695 432 842 738 1016 803 0 322
0 862 462 484 488 879 557 768 401 783 656 792 741 322 0
