GRUBHUB: grubhub-07-2
DIMENSION: 15
0 1213 1087 733 413 1562 1116 1154 1238 855 872 707 637 326 573
0 0 598 1381 942 371 735 48 567 1060 1212 640 830 1284 905
0 598 0 1012 793 609 486 599 1070 1100 1257 496 676 1060 872
0 1381 1012 0 749 1388 965 1303 1693 1302 1318 1124 1076 542 1079
0 942 793 749 0 1345 922 1032 1131 904 929 585 514 343 587
0 371 609 1388 1345 0 557 473 889 1405 1557 980 1197 1581 1268
0 735 486 965 922 557 0 762 1191 1226 1383 659 803 1183 999
0 48 599 1303 1032 473 762 0 520 1038 1191 644 782 1237 857
0 567 1070 1693 1131 889 1191 520 0 744 895 923 930 1402 860
0 1060 1100 1302 904 1405 1226 1038 744 0 347 696 717 1118 444
0 1212 1257 1318 929 1557 1383 1191 895 347 0 913 838 1108 552
0 640 496 1124 585 980 659 644 923 696 913 0 327 792 523
0 830 676 1076 514 1197 803 782 930 717 838 327 0 722 346
0 1284 1060 542 343 1581 1183 1237 1402 1118 1108 792 722 0 813
0 905 872 1079 587 1268 999 857 860 444 552 523 346 813 0
