GRUBHUB: grubhub-10-2
DIMENSION: 21
0 980 923 1263 1266 556 842 980 698 1170 1380 1308 778 969 854 812 795 556 351 943 1263
0 0 123 768 650 560 720 0 404 875 1052 1019 446 958 864 534 544 560 859 865 767
0 123 0 907 734 545 656 176 453 1014 1191 1158 499 1015 922 412 601 545 893 923 907
0 768 907 0 819 1150 1313 882 936 322 303 252 689 786 723 1176 599 1150 1216 585 355
0 650 734 819 0 818 977 573 727 933 819 794 773 1326 1233 841 782 818 1165 1204 583
0 560 545 1150 818 0 282 568 457 1134 1311 1279 503 827 733 447 598 0 338 823 1027
0 720 656 1313 977 282 0 629 518 1195 1373 1340 564 980 886 397 659 153 491 976 1088
0 0 176 882 573 568 629 0 404 875 1052 1019 446 958 864 534 544 560 859 865 767
0 404 453 936 727 457 518 404 0 880 1012 961 188 767 673 404 282 421 635 675 760
0 875 1014 322 933 1134 1195 875 880 0 391 340 712 465 555 1223 602 1173 1239 538 507
0 1052 1191 303 819 1311 1373 1052 1012 391 0 334 692 981 918 1129 616 1105 1313 780 117
0 1019 1158 252 794 1279 1340 1019 961 340 334 0 792 810 756 1279 682 1253 1319 618 375
0 446 499 689 773 503 564 446 188 712 692 792 0 720 626 525 91 504 615 627 570
0 958 1015 786 1326 827 980 958 767 465 981 810 720 0 238 1050 609 805 871 319 962
0 864 922 723 1233 733 886 864 673 555 918 756 626 238 0 971 530 726 792 197 885
0 534 412 1176 841 447 397 534 404 1223 1129 1279 525 1050 971 0 679 422 760 1022 1172
0 544 601 599 782 598 659 544 282 602 616 682 91 609 530 679 0 620 731 512 505
0 560 545 1150 818 0 153 560 421 1173 1105 1253 504 805 726 422 620 0 338 823 1027
0 859 893 1216 1165 338 491 859 635 1239 1313 1319 615 871 792 760 731 338 0 912 1231
0 865 923 585 1204 823 976 865 675 538 780 618 627 319 197 1022 512 823 912 0 717
0 767 907 355 583 1027 1088 767 760 507 117 375 570 962 885 1172 505 1027 1231 717 0
