GRUBHUB: grubhub-03-7
DIMENSION: 7
0 1016 852 399 686 1012 1406
0 0 747 828 501 735 567
0 747 0 1078 710 1149 987
0 828 1078 0 504 641 1132
0 501 710 504 0 607 794
0 735 1149 641 607 0 835
0 567 987 1132 794 835 0
