GRUBHUB: grubhub-13-3
DIMENSION: 27
0 1176 1092 1248 1356 965 1286 1317 1536 1656 1309 1794 1549 1036 875 484 824 1267 1421 696 767 1210 871 476 357 502 582
0 0 256 717 825 1010 755 287 825 976 695 1034 902 950 267 721 864 386 764 519 447 850 379 721 1018 641 770
0 256 0 461 569 846 499 326 570 721 440 778 1031 773 245 683 826 247 619 499 409 594 343 683 1032 655 784
0 717 461 0 167 755 64 645 559 501 231 639 945 684 428 959 944 529 684 776 685 459 634 937 1232 873 984
0 825 569 167 0 837 241 783 636 535 408 673 979 766 567 1097 1026 667 767 914 824 541 773 1075 1352 1011 1122
0 1010 846 755 837 0 793 1182 1132 1132 885 1271 1576 75 704 720 568 1107 1256 922 869 459 811 896 751 815 753
0 755 499 64 241 793 0 687 542 484 214 622 928 729 470 1001 917 571 667 818 727 504 677 979 1274 915 1026
0 287 326 645 783 1182 687 0 714 865 587 850 969 1006 478 915 1058 201 580 732 641 827 576 916 1146 887 1016
0 825 570 559 636 1132 542 714 0 334 443 383 704 1064 745 1182 1244 589 238 999 909 839 843 1183 1532 1155 1283
0 976 721 501 535 1132 484 865 334 0 548 133 439 1169 820 1257 1296 699 404 1074 984 903 918 1258 1607 1230 1358
0 695 440 231 408 885 214 587 443 548 0 617 922 762 448 979 894 401 677 795 705 501 607 950 1251 886 1003
0 1034 778 639 673 1271 622 850 383 133 617 0 386 1293 943 1380 1419 744 399 1197 1107 1026 1041 1381 1555 1352 1481
0 902 1031 945 979 1576 928 969 704 439 922 386 0 1605 1247 1293 1732 929 578 1418 1411 1339 1345 1685 1519 1540 1669
0 950 773 684 766 75 729 1006 1064 1169 762 1293 1605 0 647 728 577 1023 1178 931 877 381 819 905 759 824 761
0 267 245 428 567 704 470 478 745 820 448 943 1247 647 0 569 712 456 826 386 295 600 206 570 918 541 670
0 721 683 959 1097 720 1001 915 1182 1257 979 1380 1293 728 569 0 556 943 1313 329 415 941 547 222 522 249 314
0 864 826 944 1026 568 917 1058 1244 1296 894 1419 1732 577 712 556 0 924 1294 571 512 454 506 539 579 482 437
0 386 247 529 667 1107 571 201 589 699 401 744 929 1023 456 943 924 0 573 785 631 775 565 905 1254 877 1005
0 764 619 684 767 1256 667 580 238 404 677 399 578 1178 826 1313 1294 573 0 1087 997 980 931 1271 1308 1242 1371
0 519 499 776 914 922 818 732 999 1074 795 1197 1418 931 386 329 571 785 1087 0 164 856 288 383 609 232 361
0 447 409 685 824 869 727 641 909 984 705 1107 1411 877 295 415 512 631 997 164 0 812 283 407 640 263 392
0 850 594 459 541 459 504 827 839 903 501 1026 1339 381 600 941 454 775 980 856 812 0 779 931 981 867 839
0 379 343 634 773 811 677 576 843 918 607 1041 1345 819 206 547 506 565 931 288 283 779 0 533 837 459 588
0 721 683 937 1075 896 979 916 1183 1258 950 1381 1685 905 570 222 539 905 1271 383 407 931 533 0 417 26 169
0 1018 1032 1232 1352 751 1274 1146 1532 1607 1251 1555 1519 759 918 522 579 1254 1308 609 640 981 837 417 0 407 355
0 641 655 873 1011 815 915 887 1155 1230 886 1352 1540 824 541 249 482 877 1242 232 263 867 459 26 407 0 285
0 770 784 984 1122 753 1026 1016 1283 1358 1003 1481 1669 761 670 314 437 1005 1371 361 392 839 588 169 355 285 0
