GRUBHUB: grubhub-09-6
DIMENSION: 19
0 346 713 1030 847 473 728 1349 1537 1180 1336 830 1134 1212 976 953 1022 288 655
0 0 541 684 501 212 382 1231 1277 921 1077 561 993 866 622 606 787 346 337
0 541 0 619 456 715 564 962 1126 784 925 743 911 801 540 541 516 536 617
0 684 619 0 329 821 441 572 639 349 438 498 591 332 282 135 483 916 668
0 501 456 329 0 566 225 892 959 670 758 324 535 502 164 243 668 766 452
0 212 715 821 566 0 418 1315 1381 1091 1181 440 892 925 586 665 957 531 182
0 382 564 441 225 418 0 1171 1235 878 1034 401 893 781 537 521 744 621 249
0 1231 962 572 892 1315 1171 0 580 435 475 1110 1158 747 893 747 553 1318 1230
0 1277 1126 639 959 1381 1235 580 0 561 235 1250 1149 657 1034 887 866 1454 1352
0 921 784 349 670 1091 878 435 561 0 442 824 848 461 608 461 423 1011 909
0 1077 925 438 758 1181 1034 475 235 442 0 1130 1088 596 913 767 745 1334 1232
0 561 743 498 324 440 401 1110 1250 824 1130 0 511 744 230 361 896 851 452
0 993 911 591 535 892 893 1158 1149 848 1088 511 0 587 300 456 979 1257 859
0 866 801 332 502 925 781 747 657 461 596 744 587 0 577 437 705 1151 903
0 622 540 282 164 586 537 893 1034 608 913 230 300 577 0 169 704 940 596
0 606 541 135 243 665 521 747 887 461 767 361 456 437 169 0 535 904 656
0 787 516 483 668 957 744 553 866 423 745 896 979 705 704 535 0 799 1001
0 346 536 916 766 531 621 1318 1454 1011 1334 851 1257 1151 940 904 799 0 630
0 337 617 668 452 182 249 1230 1352 909 1232 452 859 903 596 656 1001 630 0
