GRUBHUB: grubhub-08-2
DIMENSION: 17
0 333 444 683 928 731 644 375 487 627 515 627 527 622 653 364 515
0 0 437 443 650 993 717 433 556 803 789 803 801 709 612 429 474
0 437 0 443 887 956 824 228 350 599 616 599 629 504 412 229 274
0 443 443 0 731 1251 1050 457 571 832 871 832 883 683 481 320 386
0 650 887 731 0 1263 986 903 1022 1244 1265 1244 1277 1121 949 766 811
0 993 956 1251 1263 0 361 1024 1105 1177 941 1177 910 1184 1276 1013 1155
0 717 824 1050 986 361 0 807 888 942 706 942 675 949 1059 796 938
0 433 228 457 903 1024 807 0 141 398 424 398 436 276 326 160 191
0 556 350 571 1022 1105 888 141 0 518 543 518 556 395 223 144 50
0 803 599 832 1244 1177 942 398 518 0 324 0 336 51 495 526 531
0 789 616 871 1265 941 706 424 543 324 0 439 178 450 625 634 645
0 803 599 832 1244 1177 942 398 518 0 439 0 336 51 495 526 531
0 801 629 883 1277 910 675 436 556 336 178 336 0 349 606 616 643
0 709 504 683 1121 1184 949 276 395 51 450 51 349 0 431 462 467
0 612 412 481 949 1276 1059 326 223 495 625 495 606 431 0 230 220
0 429 229 320 766 1013 796 160 144 526 634 526 616 462 230 0 250
0 474 274 386 811 1155 938 191 50 531 645 531 643 467 220 250 0
