GRUBHUB: grubhub-10-4
DIMENSION: 21
0 1283 800 733 869 787 1102 1209 922 1685 1405 472 1219 546 1006 1722 1417 950 656 1655 1427
0 0 781 866 830 622 870 962 1181 765 820 872 890 872 418 697 520 1151 1140 1002 698
0 781 0 676 299 612 1044 1065 821 1340 1070 352 1140 492 569 1343 888 860 544 1321 1066
0 866 676 0 794 302 480 641 538 1251 1415 345 576 302 575 1113 1241 508 457 1499 1419
0 830 299 794 0 703 1173 1129 885 1252 982 481 1171 621 655 1255 800 923 608 1233 978
0 622 612 302 703 0 581 742 639 1162 1158 374 677 372 317 1023 984 609 614 1410 1162
0 870 1044 480 1173 581 0 403 548 1185 1464 788 338 745 596 1046 1290 518 712 1433 1468
0 962 1065 641 1129 742 403 0 391 1193 1514 728 180 905 769 1055 1280 383 681 1441 1383
0 1181 821 538 885 639 548 391 0 1494 1462 523 426 619 878 1356 1545 104 476 1742 1485
0 765 1340 1251 1252 1162 1185 1193 1494 0 552 1380 1220 1381 927 122 461 1586 1477 328 454
0 820 1070 1415 982 1158 1464 1514 1462 552 0 1147 1506 1294 1028 592 510 1610 1295 297 485
0 872 352 345 481 374 788 728 523 1380 1147 0 858 222 616 1332 1212 791 352 1533 1390
0 890 1140 576 1171 677 338 180 426 1220 1506 858 0 804 786 1092 1317 411 661 1479 1421
0 872 492 302 621 372 745 905 619 1381 1294 222 804 0 573 1203 1239 671 347 1589 1417
0 418 569 575 655 317 596 769 878 927 1028 616 786 573 0 983 792 795 794 1225 970
0 697 1343 1113 1255 1023 1046 1055 1356 122 592 1332 1092 1203 983 0 535 1462 1395 381 529
0 520 888 1241 800 984 1290 1280 1545 461 510 1212 1317 1239 792 535 0 1495 1111 555 178
0 1151 860 508 923 609 518 383 104 1586 1610 791 411 671 795 1462 1495 0 479 1728 1488
0 1140 544 457 608 614 712 681 476 1477 1295 352 661 347 794 1395 1111 479 0 1501 1273
0 1002 1321 1499 1233 1410 1433 1441 1742 328 297 1533 1479 1589 1225 381 555 1728 1501 0 473
0 698 1066 1419 978 1162 1468 1383 1485 454 485 1390 1421 1417 970 529 178 1488 1273 473 0
