GRUBHUB: grubhub-09-2
DIMENSION: 19
0 842 707 818 809 551 1111 942 840 1054 815 683 1028 859 886 1155 798 1250 1216
0 0 670 722 979 379 879 518 815 429 679 445 361 570 597 1055 1082 1163 1041
0 670 0 1277 1275 994 1321 462 498 1088 1239 498 1034 1114 1141 1577 1265 1670 1548
0 722 1277 0 378 486 607 996 1271 466 293 1055 499 193 195 754 596 864 796
0 979 1275 378 0 748 501 1165 1288 703 404 1318 745 478 505 549 492 628 597
0 379 994 486 748 0 887 832 1100 546 573 651 520 412 440 1020 844 1148 1051
0 879 1321 607 501 887 0 963 1086 501 304 1137 558 456 483 493 636 621 524
0 518 462 996 1165 832 963 0 418 727 977 611 642 868 895 1211 1361 1304 1181
0 815 498 1271 1288 1100 1086 418 0 970 1201 807 887 1145 1172 1416 1463 1509 1387
0 429 1088 466 703 546 501 727 970 0 316 803 157 363 390 657 757 765 643
0 679 1239 293 404 573 304 977 1201 316 0 1037 464 230 257 533 565 661 549
0 445 498 1055 1318 651 1137 611 807 803 1037 0 716 818 845 1336 1343 1445 1322
0 361 1034 499 745 520 558 642 887 157 464 716 0 472 499 975 1077 1083 961
0 570 1114 193 478 412 456 868 1145 363 230 818 472 0 27 724 705 851 754
0 597 1141 195 505 440 483 895 1172 390 257 845 499 27 0 732 713 859 762
0 1055 1577 754 549 1020 493 1211 1416 657 533 1336 975 724 732 0 605 128 65
0 1082 1265 596 492 844 636 1361 1463 757 565 1343 1077 705 713 605 0 673 639
0 1163 1670 864 628 1148 621 1304 1509 765 661 1445 1083 851 859 128 673 0 193
0 1041 1548 796 597 1051 524 1181 1387 643 549 1322 961 754 762 65 639 193 0
