GRUBHUB: grubhub-04-5
DIMENSION: 9
0 1445 1923 149 593 1126 1000 816 565
0 0 682 1359 1365 461 674 937 1116
0 682 0 1782 1860 859 1116 1227 1616
0 1359 1782 0 686 1127 1092 885 635
0 1365 1860 686 0 1206 848 692 435
0 461 859 1127 1206 0 607 949 1085
0 674 1116 1092 848 607 0 465 724
0 937 1227 885 692 949 465 0 356
0 1116 1616 635 435 1085 724 356 0
