GRUBHUB: grubhub-05-9
DIMENSION: 11
0 1498 962 735 563 1189 1104 585 747 664 740
0 0 556 1668 1549 1689 1614 1039 1042 1147 1338
0 556 0 1192 1073 1876 1790 777 819 1146 1241
0 1668 1192 0 323 922 836 1078 1222 985 924
0 1549 1073 323 0 1245 1160 1218 1261 1193 1132
0 1689 1876 922 1245 0 171 1349 1512 805 819
0 1614 1790 836 1160 171 0 1292 1455 746 761
0 1039 777 1078 1218 1349 1292 0 411 800 866
0 1042 819 1222 1261 1512 1455 411 0 670 765
0 1147 1146 985 1193 805 746 800 670 0 183
0 1338 1241 924 1132 819 761 866 765 183 0
