GRUBHUB: grubhub-05-1
DIMENSION: 11
0 987 1603 1020 999 361 322 1018 1250 1154 654
0 0 652 938 805 867 824 968 890 416 394
0 652 0 652 1103 1436 1393 1683 1479 1141 1119
0 938 652 0 476 1350 1307 1671 1622 1302 1002
0 805 1103 476 0 1145 1102 1492 1497 1074 826
0 867 1436 1350 1145 0 114 819 1051 944 505
0 824 1393 1307 1102 114 0 872 1104 983 484
0 968 1683 1671 1492 819 872 0 459 644 819
0 890 1479 1622 1497 1051 1104 459 0 556 891
0 416 1141 1302 1074 944 983 644 556 0 632
0 394 1119 1002 826 505 484 819 891 632 0
