GRUBHUB: grubhub-07-5
DIMENSION: 15
0 1074 1237 534 670 925 920 74 814 690 900 374 235 641 882
0 0 303 1144 1538 686 1222 1099 1677 1038 574 796 1231 1201 1296
0 303 0 1119 1512 597 1333 1118 1663 1013 573 815 1250 1127 1332
0 1144 1119 0 445 1016 1378 496 1074 377 742 429 504 1086 1103
0 1538 1512 445 0 1304 869 607 678 748 1112 792 528 1047 806
0 686 597 1016 1304 0 907 849 1291 814 670 596 958 631 907
0 1222 1333 1378 869 907 0 788 873 1261 1218 1087 877 405 196
0 1099 1118 496 607 849 788 0 790 614 824 298 179 658 790
0 1677 1663 1074 678 1291 873 790 0 1286 1492 970 836 823 845
0 1038 1013 377 748 814 1261 614 1286 0 474 389 638 1221 1237
0 574 573 742 1112 670 1218 824 1492 474 0 515 951 1032 1314
0 796 815 429 792 596 1087 298 970 389 515 0 436 844 1123
0 1231 1250 504 528 958 877 179 836 638 951 436 0 772 800
0 1201 1127 1086 1047 631 405 658 823 1221 1032 844 772 0 364
0 1296 1332 1103 806 907 196 790 845 1237 1314 1123 800 364 0
