GRUBHUB: grubhub-08-6
DIMENSION: 17
0 353 226 717 1049 502 198 1309 1673 1034 375 455 277 871 1189 812 1466
0 0 328 431 885 734 430 1074 1339 775 271 238 379 701 1025 643 1296
0 328 0 761 1150 571 267 1189 1561 914 242 333 54 972 1380 913 1567
0 431 761 0 517 952 812 1004 1125 720 671 638 779 561 657 551 883
0 885 1150 517 0 1272 1133 1112 1141 1150 1190 1157 1298 916 352 827 659
0 734 571 952 1272 0 443 1727 1895 1442 735 821 694 734 1331 676 1190
0 430 267 812 1133 443 0 1442 1736 1167 504 584 315 826 1144 767 1421
0 1074 1189 1004 1112 1727 1442 0 485 459 860 802 1092 1590 1077 1531 1303
0 1339 1561 1125 1141 1895 1736 485 0 904 1273 1210 1505 1494 1077 1436 1303
0 775 914 720 1150 1442 1167 459 904 0 516 457 787 1251 1188 1192 1414
0 271 242 671 1190 735 504 860 1273 516 0 108 237 1001 1234 942 1460
0 238 333 638 1157 821 584 802 1210 457 108 0 353 936 1187 877 1413
0 379 54 779 1298 694 315 1092 1505 787 237 353 0 1003 1383 945 1598
0 701 972 561 916 734 826 1590 1494 1251 1001 936 1003 0 692 48 588
0 1025 1380 657 352 1331 1144 1077 1077 1188 1234 1187 1383 692 0 699 758
0 643 913 551 827 676 767 1531 1436 1192 942 877 945 48 699 0 654
0 1296 1567 883 659 1190 1421 1303 1303 1414 1460 1413 1598 588 758 654 0
