GRUBHUB: grubhub-11-6
DIMENSION: 23
0 317 671 624 830 814 939 575 1053 524 560 878 971 575 885 1012 638 1050 1435 1012 1197 815 716
0 0 378 715 921 905 1101 466 1068 389 651 743 713 466 763 1068 729 1141 1526 1068 1288 871 772
0 378 0 977 1183 911 1192 703 1005 260 914 546 477 703 666 1236 992 1058 1468 1236 1312 1046 991
0 715 977 0 501 410 501 624 1118 774 231 1128 1222 624 974 849 415 721 1106 849 879 881 637
0 921 1183 501 0 127 272 787 1046 997 337 1351 1445 787 1140 727 462 380 773 727 757 800 545
0 905 911 410 127 0 409 875 1183 1025 365 1379 1473 875 1225 864 608 292 788 864 605 937 682
0 1101 1192 501 272 409 0 877 974 1121 509 1402 1521 877 1140 636 552 626 741 636 510 773 559
0 466 703 624 787 875 877 0 651 360 634 647 766 0 384 751 481 1124 1509 751 1024 554 454
0 1068 1005 1118 1046 1183 974 651 0 841 1061 1073 1167 619 744 337 759 1111 1037 337 639 335 481
0 389 260 774 997 1025 1121 360 841 0 757 354 448 523 486 1056 834 1247 1631 1056 1383 866 811
0 651 914 231 337 365 509 634 1061 757 0 1077 1170 572 922 788 363 584 969 788 818 829 585
0 743 546 1128 1351 1379 1402 647 1073 354 1077 0 176 760 575 1305 1096 1561 1945 1305 1632 1115 1048
0 713 477 1222 1445 1473 1521 766 1167 448 1170 176 0 901 725 1434 1237 1446 1857 1434 1761 1244 1189
0 466 703 624 787 875 877 0 619 523 572 760 901 0 384 751 481 1124 1509 751 1024 554 454
0 763 666 974 1140 1225 1140 384 744 486 922 575 725 384 0 934 794 1438 1682 934 1261 744 746
0 1068 1236 849 727 864 636 751 337 1056 788 1305 1434 751 934 0 612 948 932 0 377 418 368
0 729 992 415 462 608 552 481 759 834 363 1096 1237 481 794 612 0 900 1275 585 822 515 260
0 1141 1058 721 380 292 626 1124 1111 1247 584 1561 1446 1124 1438 948 900 0 684 973 779 1193 938
0 1526 1468 1106 773 788 741 1509 1037 1631 969 1945 1857 1509 1682 932 1275 684 0 860 599 1151 1024
0 1068 1236 849 727 864 636 751 337 1056 788 1305 1434 751 934 0 585 973 860 0 377 418 368
0 1288 1312 879 757 605 510 1024 639 1383 818 1632 1761 1024 1261 377 822 779 599 377 0 719 579
0 871 1046 881 800 937 773 554 335 866 829 1115 1244 554 744 418 515 1193 1151 418 719 0 361
0 772 991 637 545 682 559 454 481 811 585 1048 1189 454 746 368 260 938 1024 368 579 361 0
