GRUBHUB: grubhub-03-3
DIMENSION: 7
0 968 711 871 1208 1155 623
0 0 456 700 682 340 467
0 456 0 287 574 764 461
0 700 287 0 419 723 770
0 682 574 419 0 685 965
0 340 764 723 685 0 708
0 467 461 770 965 708 0
