GRUBHUB: grubhub-13-7
DIMENSION: 27
0 1082 964 1555 1174 619 849 1514 1613 767 977 619 1025 1794 1367 1203 1541 1390 1404 1248 1388 659 982 1080 1431 1229 1458
0 0 584 840 438 1332 748 924 951 921 996 1332 981 943 603 400 764 937 657 624 676 1080 856 721 899 427 581
0 584 0 800 285 823 239 848 1156 412 613 823 599 1304 918 715 781 748 595 503 569 571 409 438 812 340 569
0 840 800 0 538 1239 873 402 744 1046 888 1239 878 944 591 544 225 503 306 532 350 1205 854 544 378 585 380
0 438 285 538 0 1033 448 700 1060 621 678 1033 664 1220 751 548 541 713 434 393 428 781 538 473 676 144 329
0 1332 823 1239 1033 0 733 1169 1163 670 579 0 612 2034 1648 1444 1436 1050 1055 888 1038 542 703 730 1086 1070 1105
0 748 239 873 448 733 0 842 1126 325 598 808 584 1440 1054 851 917 718 731 565 705 556 379 408 759 476 705
0 924 848 402 700 1169 842 0 535 993 704 1055 727 1123 769 733 404 330 440 433 392 1130 696 427 122 736 536
0 951 1156 744 1060 1163 1126 535 0 1202 738 1089 823 1024 781 735 589 592 811 830 799 1131 972 688 512 1068 885
0 921 412 1046 621 670 325 993 1202 0 626 715 624 1622 1226 1023 1099 813 828 671 811 391 449 503 854 658 887
0 996 613 888 678 579 598 704 738 626 0 475 113 1552 1288 1108 958 572 675 508 658 509 323 350 608 739 725
0 1332 823 1239 1033 0 808 1055 1089 715 475 0 612 2034 1648 1444 1436 1050 1055 888 1038 542 703 730 1086 1070 1105
0 981 599 878 664 612 584 727 823 624 113 612 0 1702 1240 1037 1008 616 646 490 630 565 233 321 657 650 696
0 943 1304 944 1220 2034 1440 1123 1024 1622 1552 2034 1702 0 638 742 790 1272 1081 1255 1126 1602 1524 1351 1109 1159 1212
0 603 918 591 751 1648 1054 769 781 1226 1288 1648 1240 638 0 193 452 935 744 772 788 1211 1114 868 812 779 729
0 400 715 544 548 1444 851 733 735 1023 1108 1444 1037 742 193 0 494 776 585 579 631 1191 921 675 691 586 536
0 764 781 225 541 1436 917 404 589 1099 958 1436 1008 790 452 494 0 666 468 675 513 1368 1017 707 473 678 543
0 937 748 503 713 1050 718 330 592 813 572 1050 616 1272 935 776 666 0 461 457 413 877 516 313 262 780 534
0 657 595 306 434 1055 731 440 811 828 675 1055 646 1081 744 585 468 461 0 260 45 951 600 317 392 378 125
0 624 503 532 393 888 565 433 830 671 508 888 490 1255 772 579 675 457 260 0 285 802 382 134 398 455 344
0 676 569 350 428 1038 705 392 799 811 658 1038 630 1126 788 631 513 413 45 285 0 1004 569 300 366 411 187
0 1080 571 1205 781 542 556 1130 1131 391 509 542 565 1602 1211 1191 1368 877 951 802 1004 0 708 729 1039 884 1113
0 856 409 854 538 703 379 696 972 449 323 703 233 1524 1114 921 1017 516 600 382 569 708 0 142 492 472 517
0 721 438 544 473 730 408 427 688 503 350 730 321 1351 868 675 707 313 317 134 300 729 142 0 347 571 371
0 899 812 378 676 1086 759 122 512 854 608 1086 657 1109 812 691 473 262 392 398 366 1039 492 347 0 724 493
0 427 340 585 144 1070 476 736 1068 658 739 1070 650 1159 779 586 678 780 378 455 411 884 472 571 724 0 311
0 581 569 380 329 1105 705 536 885 887 725 1105 696 1212 729 536 543 534 125 344 187 1113 517 371 493 311 0
