GRUBHUB: grubhub-07-6
DIMENSION: 15
0 910 826 793 471 1253 955 597 1140 495 468 878 878 495 1038
0 0 208 323 653 842 1000 918 1443 751 609 1048 1049 751 286
0 208 0 325 569 712 857 764 1314 629 487 919 919 629 301
0 323 325 0 445 1024 1169 1003 1546 580 547 1185 1185 580 472
0 653 569 445 0 1168 978 634 1177 386 248 901 901 386 819
0 842 712 1024 1168 0 359 821 869 1107 965 482 482 1107 735
0 1000 857 1169 978 359 0 525 677 1037 868 122 123 1037 752
0 918 764 1003 634 821 525 0 631 734 734 517 516 734 891
0 1443 1314 1546 1177 869 677 631 0 1262 1215 598 598 1262 1285
0 751 629 580 386 1107 1037 734 1262 0 331 1009 1009 0 790
0 609 487 547 248 965 868 734 1215 331 0 944 944 343 697
0 1048 919 1185 901 482 122 517 598 1009 944 0 0 1044 828
0 1049 919 1185 901 482 123 516 598 1009 944 0 0 1043 828
0 751 629 580 386 1107 1037 734 1262 0 343 1044 1043 0 790
0 286 301 472 819 735 752 891 1285 790 697 828 828 790 0
