GRUBHUB: grubhub-15-6
DIMENSION: 31
0 316 145 1018 422 1018 90 917 973 969 702 1018 869 1186 948 1023 768 866 646 907 412 1113 888 921 1035 896 1192 976 794 903 758
0 0 357 723 551 723 315 671 727 1099 596 723 830 897 691 727 472 566 398 699 359 825 600 632 740 651 946 680 499 743 908
0 357 0 897 460 897 57 844 901 1021 728 897 936 1065 932 901 646 745 582 873 361 992 767 800 914 859 1239 854 673 917 810
0 723 897 0 1081 0 962 594 650 773 552 354 633 536 842 343 334 275 557 339 720 596 398 266 495 870 1222 453 288 508 843
0 551 460 1081 0 1144 423 1092 1148 869 837 930 1004 1313 1010 919 894 992 829 1042 543 1240 1015 1047 1162 1009 1169 1102 921 1038 893
0 723 897 0 1144 0 962 594 650 773 552 354 633 536 842 343 334 275 557 339 720 596 398 266 495 870 1222 453 288 508 843
0 315 57 962 423 962 0 899 955 1030 763 952 930 1120 938 956 701 799 637 927 415 1047 822 854 969 886 1182 909 728 972 819
0 671 844 594 1092 594 899 0 56 1287 1076 892 1136 348 282 881 697 533 319 994 942 277 265 409 1120 464 719 1073 852 1128 1093
0 727 901 650 1148 650 955 56 0 1312 1131 918 1161 308 337 907 752 588 374 1049 997 237 320 464 1059 498 774 1128 907 1183 1119
0 1099 1021 773 869 773 1030 1287 1312 0 613 443 400 1214 1513 432 847 976 1163 596 918 1273 1076 944 584 1439 1641 604 741 535 593
0 596 728 552 837 552 763 1076 1131 613 0 492 383 1112 1245 496 504 740 895 491 471 1171 974 833 544 1171 1487 466 556 388 421
0 723 897 354 930 354 952 892 918 443 492 0 316 869 1171 3 400 597 821 230 719 929 731 599 137 1098 1449 184 294 240 526
0 830 936 633 1004 633 930 1136 1161 400 383 316 0 888 1202 248 503 703 852 427 673 963 903 771 400 1128 1480 334 541 224 271
0 897 1065 536 1313 536 1120 348 308 1214 1112 869 888 0 606 720 695 509 655 947 981 75 345 385 872 774 1043 892 805 1081 932
0 691 932 842 1010 842 938 282 337 1513 1245 1171 1202 606 0 1198 890 744 538 1160 993 570 467 620 1260 237 491 1200 1015 1263 1332
0 727 901 343 919 343 956 881 907 432 496 3 248 720 1198 0 408 605 829 238 727 924 726 594 145 1105 1457 179 302 248 521
0 472 646 334 894 334 701 697 752 847 504 400 503 695 890 408 0 248 438 354 467 722 524 369 454 715 1067 403 125 457 682
0 566 745 275 992 275 799 533 588 976 740 597 703 509 744 605 248 0 331 499 518 518 321 121 624 663 1015 578 387 633 925
0 398 582 557 829 557 637 319 374 1163 895 821 852 655 538 829 438 331 0 779 624 583 329 377 892 461 813 832 646 895 1108
0 699 873 339 1042 339 927 994 1049 596 491 230 427 947 1160 238 354 499 779 0 694 831 589 457 347 1063 1415 314 338 369 695
0 359 361 720 543 720 415 942 997 918 471 719 673 981 993 727 467 518 624 694 0 960 763 621 724 905 1257 664 483 623 656
0 825 992 596 1240 596 1047 277 237 1273 1171 929 963 75 570 924 722 518 583 831 960 0 288 393 881 696 985 901 813 1090 941
0 600 767 398 1015 398 822 265 320 1076 974 731 903 345 467 726 524 321 329 589 763 288 0 186 895 659 914 849 613 904 1007
0 632 800 266 1047 266 854 409 464 944 833 599 771 385 620 594 369 121 377 457 621 393 186 0 733 744 1080 687 459 742 1035
0 740 914 495 1162 495 969 1120 1059 584 544 137 400 872 1260 145 454 624 892 347 724 881 895 733 0 1032 1384 84 273 144 487
0 651 859 870 1009 870 886 464 498 1439 1171 1098 1128 774 237 1105 715 663 461 1063 905 696 659 744 1032 0 424 1094 909 1157 1370
0 946 1239 1222 1169 1222 1182 719 774 1641 1487 1449 1480 1043 491 1457 1067 1015 813 1415 1257 985 914 1080 1384 424 0 1380 1195 1443 1656
0 680 854 453 1102 453 909 1073 1128 604 466 184 334 892 1200 179 403 578 832 314 664 901 849 687 84 1094 1380 0 207 211 553
0 499 673 288 921 288 728 852 907 741 556 294 541 805 1015 302 125 387 646 338 483 813 613 459 273 909 1195 207 0 331 674
0 743 917 508 1038 508 972 1128 1183 535 388 240 224 1081 1263 248 457 633 895 369 623 1090 904 742 144 1157 1443 211 331 0 453
0 908 810 843 893 843 819 1093 1119 593 421 526 271 932 1332 521 682 925 1108 695 656 941 1007 1035 487 1370 1656 553 674 453 0
