GRUBHUB: grubhub-09-1
DIMENSION: 19
0 591 641 936 987 622 498 422 809 952 959 597 900 845 994 668 758 1043 1160
0 0 248 923 950 376 318 329 385 981 1161 315 614 514 663 285 366 877 995
0 248 0 846 896 270 323 498 158 974 1103 282 388 381 530 291 117 629 746
0 923 846 0 77 565 577 815 777 187 287 970 1044 1070 1219 639 830 624 705
0 950 896 77 0 618 629 868 827 258 353 1020 1094 1119 1268 691 880 704 754
0 376 270 565 618 0 81 300 333 704 857 440 639 540 689 73 387 651 768
0 318 323 577 629 81 0 283 390 662 843 474 701 604 753 102 444 722 839
0 329 498 815 868 300 283 0 514 862 1014 594 825 727 876 246 568 872 990
0 385 158 777 827 333 390 514 0 945 1045 411 386 435 570 345 76 501 619
0 981 974 187 258 704 662 862 945 0 178 1131 1232 1231 1380 764 1018 812 900
0 1161 1103 287 353 857 843 1014 1045 178 0 1242 1335 1342 1491 921 1121 826 865
0 315 282 970 1020 440 474 594 411 1131 1242 0 448 360 518 549 499 935 1053
0 614 388 1044 1094 639 701 825 386 1232 1335 448 0 190 329 460 309 677 794
0 514 381 1070 1119 540 604 727 435 1231 1342 360 190 0 176 582 430 798 916
0 663 530 1219 1268 689 753 876 570 1380 1491 518 329 176 0 697 555 928 1045
0 285 291 639 691 73 102 246 345 764 921 549 460 582 697 0 419 729 847
0 366 117 830 880 387 444 568 76 1018 1121 499 309 430 555 419 0 583 700
0 877 629 624 704 651 722 872 501 812 826 935 677 798 928 729 583 0 180
0 995 746 705 754 768 839 990 619 900 865 1053 794 916 1045 847 700 180 0
