GRUBHUB: grubhub-10-0
DIMENSION: 21
0 1300 678 700 790 869 1007 1300 1128 708 705 1649 1258 940 1166 1501 1800 1840 2006 571 674
0 0 876 698 660 937 754 0 317 862 787 715 619 742 385 945 865 783 1072 807 828
0 876 0 278 184 687 587 835 664 433 99 1112 1170 681 628 1120 1283 1367 1490 299 399
0 698 278 0 355 955 812 715 442 340 291 1065 967 519 582 1097 1215 1256 1422 191 306
0 660 184 355 0 599 499 668 482 491 186 945 1003 676 465 953 1116 1199 1323 357 457
0 937 687 955 599 0 259 993 895 1090 777 993 1296 1062 661 764 1164 1247 1371 955 918
0 754 587 812 499 259 0 871 754 968 656 940 1265 1153 586 679 1112 1195 1318 834 934
0 0 835 715 668 993 871 0 317 862 787 715 619 742 385 945 865 783 1072 807 828
0 317 664 442 482 895 754 317 0 573 602 936 624 446 483 1074 1087 1020 1176 511 596
0 862 433 340 491 1090 968 862 573 0 613 1277 1055 354 794 1309 1427 1468 1634 458 262
0 787 99 291 186 777 656 787 602 613 0 1125 1197 623 645 1132 1296 1379 1503 241 341
0 715 1112 1065 945 993 940 715 936 1277 1125 0 715 1275 683 634 274 254 450 1181 1192
0 619 1170 967 1003 1296 1265 619 624 1055 1197 715 0 1013 811 1303 975 702 929 1122 1163
0 742 681 519 676 1062 1153 742 446 354 623 1275 1013 0 899 1461 1422 1342 1412 608 408
0 385 628 582 465 661 586 385 483 794 645 683 811 899 0 679 786 869 992 718 774
0 945 1120 1097 953 764 679 945 1074 1309 1132 634 1303 1461 679 0 652 866 843 1239 1308
0 865 1283 1215 1116 1164 1112 865 1087 1427 1296 274 975 1422 786 652 0 471 445 1299 1310
0 783 1367 1256 1199 1247 1195 783 1020 1468 1379 254 702 1342 869 866 471 0 274 1390 1401
0 1072 1490 1422 1323 1371 1318 1072 1176 1634 1503 450 929 1412 992 843 445 274 0 1528 1538
0 807 299 191 357 955 834 807 511 458 241 1181 1122 608 718 1239 1299 1390 1528 0 335
0 828 399 306 457 918 934 828 596 262 341 1192 1163 408 774 1308 1310 1401 1538 335 0
