GRUBHUB: grubhub-13-5
DIMENSION: 27
0 965 1101 619 476 1327 1444 991 1137 912 1317 960 721 975 1106 586 514 983 501 1363 983 1597 1121 1321 1209 656 807
0 0 439 558 797 764 991 481 572 673 1088 1314 1026 1083 1214 346 614 1152 593 797 429 1327 806 881 652 354 1047
0 439 0 773 1013 911 1139 266 709 393 800 1510 1243 1213 1344 639 745 1351 863 944 546 1095 678 1041 799 616 1267
0 558 773 0 286 969 1085 767 779 1007 1409 876 682 697 804 387 291 765 160 1004 624 1648 1207 962 850 274 661
0 797 1013 286 0 1161 1314 1022 971 944 1370 720 515 734 853 532 507 735 222 1197 817 1629 1153 1155 1043 479 537
0 764 911 969 1161 0 305 992 296 951 1133 1439 1460 1121 1252 962 994 1259 1135 110 594 1054 656 236 201 919 1270
0 991 1139 1085 1314 305 0 1054 396 1013 1195 1403 1424 1085 1216 964 974 1223 1115 325 595 993 691 165 268 920 1234
0 481 266 767 1022 992 1054 0 982 407 922 1308 1040 1334 1464 621 872 1330 736 1199 824 1302 721 1155 1054 635 1118
0 572 709 779 971 296 396 982 0 984 1206 1286 1322 969 1099 713 771 1107 889 285 345 1170 719 369 140 643 1171
0 673 393 1007 944 951 1013 407 984 0 571 1392 1080 1503 1634 868 1035 1415 956 1138 836 1063 623 1056 992 876 1239
0 1088 800 1409 1370 1133 1195 922 1206 571 0 1676 1364 1691 1822 1186 1230 1699 1241 1358 1224 842 812 1345 1212 1194 1523
0 1314 1510 876 720 1439 1403 1308 1286 1392 1676 0 590 186 297 1098 726 117 878 1399 1059 2221 1609 1357 1258 926 384
0 1026 1243 682 515 1460 1424 1040 1322 1080 1364 590 0 552 710 706 638 508 509 1435 1104 1740 1263 1394 1295 775 296
0 1083 1213 697 734 1121 1085 1334 969 1503 1691 186 552 0 157 934 556 133 762 1210 872 2034 1603 1169 1070 755 319
0 1214 1344 804 853 1252 1216 1464 1099 1634 1822 297 710 157 0 1071 693 218 898 1346 1006 2160 1729 1305 1206 892 456
0 346 639 387 532 962 964 621 713 868 1186 1098 706 934 1071 0 554 1043 291 986 465 1506 1024 960 812 235 831
0 614 745 291 507 994 974 872 771 1035 1230 726 638 556 693 554 0 686 412 931 539 1658 1228 889 777 389 658
0 1152 1351 765 735 1259 1223 1330 1107 1415 1699 117 508 133 218 1043 686 0 835 1334 995 2157 1726 1293 1194 880 320
0 593 863 160 222 1135 1115 736 889 956 1241 878 509 762 898 291 412 835 0 1040 661 1684 1254 999 886 333 659
0 797 944 1004 1197 110 325 1199 285 1138 1358 1399 1435 1210 1346 986 931 1334 1040 0 667 944 546 402 268 861 1388
0 429 546 624 817 594 595 824 345 836 1224 1059 1104 872 1006 465 539 995 661 667 0 1324 811 633 420 474 1134
0 1327 1095 1648 1629 1054 993 1302 1170 1063 842 2221 1740 2034 2160 1506 1658 2157 1684 944 1324 0 636 1050 1043 1422 1870
0 806 678 1207 1153 656 691 721 719 623 812 1609 1263 1603 1729 1024 1228 1726 1254 546 811 636 0 729 678 1011 1440
0 881 1041 962 1155 236 165 1155 369 1056 1345 1357 1394 1169 1305 960 889 1293 999 402 633 1050 729 0 238 890 1204
0 652 799 850 1043 201 268 1054 140 992 1212 1258 1295 1070 1206 812 777 1194 886 268 420 1043 678 238 0 737 1204
0 354 616 274 479 919 920 635 643 876 1194 926 775 755 892 235 389 880 333 861 474 1422 1011 890 737 0 857
0 1047 1267 661 537 1270 1234 1118 1171 1239 1523 384 296 319 456 831 658 320 659 1388 1134 1870 1440 1204 1204 857 0
