GRUBHUB: grubhub-09-9
DIMENSION: 19
0 924 763 495 340 266 776 513 330 479 483 434 675 739 700 794 1108 452 832
0 0 363 1273 1118 838 201 670 747 1257 633 987 1378 624 585 1169 1129 1230 1440
0 363 0 1137 982 702 229 571 611 1121 556 850 1251 487 448 1042 1002 1093 1303
0 1273 1137 0 594 588 1191 927 745 364 898 807 937 1112 1073 1167 1247 458 716
0 1118 982 594 0 413 940 676 494 475 647 339 439 750 711 656 959 340 838
0 838 702 588 413 0 854 464 406 561 510 471 702 777 737 832 1145 460 919
0 201 229 1191 940 854 0 535 648 1158 498 888 1225 598 556 1016 976 1130 1510
0 670 571 927 676 464 535 0 330 846 202 744 1042 748 709 937 1155 808 1212
0 747 611 745 494 406 648 330 0 705 452 600 900 670 631 813 1031 677 1057
0 1257 1121 364 475 561 1158 846 705 0 891 594 707 1105 1066 924 898 249 400
0 633 556 898 647 510 498 202 452 891 0 780 1077 731 691 972 1108 854 1234
0 987 850 807 339 471 888 744 600 594 780 0 403 744 704 397 744 545 1014
0 1378 1251 937 439 702 1225 1042 900 707 1077 403 0 905 923 268 520 697 900
0 624 487 1112 750 777 598 748 670 1105 731 744 905 0 135 726 728 1055 1494
0 585 448 1073 711 737 556 709 631 1066 691 704 923 135 0 688 648 920 1358
0 1169 1042 1167 656 832 1016 937 813 924 972 397 268 726 688 0 469 824 1065
0 1129 1002 1247 959 1145 976 1155 1031 898 1108 744 520 728 648 469 0 900 1114
0 1230 1093 458 340 460 1130 808 677 249 854 545 697 1055 920 824 900 0 708
0 1440 1303 716 838 919 1510 1212 1057 400 1234 1014 900 1494 1358 1065 1114 708 0
