GRUBHUB: grubhub-06-5
DIMENSION: 13
0 584 942 609 586 510 435 563 515 852 1257 1126 822
0 0 610 671 540 969 884 156 964 862 944 744 860
0 610 0 844 817 1254 1169 678 1249 1301 1062 348 906
0 671 844 0 260 707 734 621 756 1227 1460 630 218
0 540 817 260 0 747 721 501 801 1144 1308 646 503
0 969 1254 707 747 0 171 850 186 1118 1544 1218 844
0 884 1169 734 721 171 0 793 100 1060 1487 1159 872
0 156 678 621 501 850 793 0 936 777 937 799 873
0 964 1249 756 801 186 100 936 0 1138 1565 1237 899
0 862 1301 1227 1144 1118 1060 777 1138 0 659 1303 1315
0 944 1062 1460 1308 1544 1487 937 1565 659 0 979 1521
0 744 348 630 646 1218 1159 799 1237 1303 979 0 721
0 860 906 218 503 844 872 873 899 1315 1521 721 0
