GRUBHUB: grubhub-15-9
DIMENSION: 31
0 856 853 970 688 1368 1167 1341 1737 1307 1688 1184 1240 891 374 1272 1770 1632 1352 647 590 1184 1180 1562 1713 1196 1700 1667 1407 1439 1453
0 0 402 281 714 1319 932 598 970 1031 1207 1051 1288 384 943 583 1289 1488 1292 756 827 1051 1121 1287 1438 507 902 1186 730 715 929
0 402 0 451 627 917 530 782 884 629 835 649 886 278 1032 528 917 1179 1124 1222 1141 649 903 979 1130 431 1012 814 555 869 1228
0 281 451 0 669 1120 733 510 839 832 891 852 1089 339 946 300 973 1205 1367 1105 1024 852 1105 1005 1156 224 765 870 447 596 956
0 714 627 669 0 1137 935 958 1440 1010 1390 953 1009 715 826 1054 1472 1401 1120 1055 974 953 949 1331 1482 970 1247 1370 1110 1011 1088
0 1319 917 1120 1137 0 593 1277 792 509 814 553 314 1237 1556 907 842 523 744 1821 1740 553 610 581 590 1021 941 794 839 1211 1217
0 932 530 733 935 593 0 923 689 229 695 256 444 750 1366 533 692 705 820 1556 1476 256 588 558 655 647 839 674 483 876 1115
0 598 782 510 958 1277 923 0 581 1055 852 1082 1168 925 1305 473 916 1249 1570 1094 1158 1082 1381 1048 1200 436 431 752 583 53 617
0 970 884 839 1440 792 689 581 0 784 334 811 695 1157 1798 597 397 776 1097 1550 1582 811 865 575 727 690 293 233 564 563 602
0 1031 629 832 1010 509 229 1055 784 0 769 113 428 807 1433 594 851 783 838 1623 1542 113 639 715 762 708 946 748 544 937 1222
0 1207 835 891 1390 814 695 852 334 769 0 654 649 1000 1675 574 112 640 1148 1631 1784 654 819 440 591 688 499 99 503 769 775
0 1051 649 852 953 553 256 1082 811 113 654 0 339 876 1314 653 889 850 749 1682 1601 0 526 753 801 767 985 786 616 996 1260
0 1288 886 1089 1009 314 444 1168 695 428 649 339 0 1111 1371 788 722 559 656 1635 1555 312 425 580 642 902 822 674 719 1092 1097
0 384 278 339 715 1237 750 925 1157 807 1000 876 1111 0 799 491 1166 1396 1360 954 875 928 1189 1196 1347 415 956 1063 638 831 989
0 943 1032 946 826 1556 1366 1305 1798 1433 1675 1314 1371 799 0 1200 1831 1660 1380 831 774 1212 1208 1590 1741 1124 1665 1729 1347 1496 1605
0 583 528 300 1054 907 533 473 597 594 574 653 788 491 1200 0 673 905 1270 1375 1340 644 1008 705 856 114 538 570 147 454 820
0 1289 917 973 1472 842 692 916 397 851 112 889 722 1166 1831 673 0 608 1115 1722 1890 761 824 407 558 795 590 206 610 860 866
0 1488 1179 1205 1401 523 705 1249 776 783 640 850 559 1396 1660 905 608 0 552 2158 2077 821 832 171 67 1048 1023 747 866 1293 1298
0 1292 1124 1367 1120 744 820 1570 1097 838 1148 749 656 1360 1380 1270 1115 552 0 1860 1780 737 650 641 509 1350 1423 1133 1176 1579 1699
0 756 1222 1105 1055 1821 1556 1094 1550 1623 1631 1682 1635 954 831 1375 1722 2158 1860 0 351 1627 1595 1957 2108 1184 1288 1635 1407 1051 1011
0 827 1141 1024 974 1740 1476 1158 1582 1542 1784 1601 1555 875 774 1340 1890 2077 1780 351 0 1549 1517 1879 2030 1106 1348 1712 1329 1112 1103
0 1051 649 852 953 553 256 1082 811 113 654 0 312 928 1212 644 761 821 737 1627 1549 0 526 753 801 767 985 786 616 996 1260
0 1121 903 1105 949 610 588 1381 865 639 819 526 425 1189 1208 1008 824 832 650 1595 1517 526 0 779 930 1010 1095 947 846 1239 1371
0 1287 979 1005 1331 581 558 1048 575 715 440 753 580 1196 1590 705 407 171 641 1957 1879 753 779 0 151 877 861 576 695 1131 1136
0 1438 1130 1156 1482 590 655 1200 727 762 591 801 642 1347 1741 856 558 67 509 2108 2030 801 930 151 0 1009 984 708 827 1254 1260
0 507 431 224 970 1021 647 436 690 708 688 767 902 415 1124 114 795 1048 1350 1184 1106 767 1010 877 1009 0 645 713 278 475 918
0 902 1012 765 1247 941 839 431 293 946 499 985 822 956 1665 538 590 1023 1423 1288 1348 985 1095 861 984 645 0 499 542 357 413
0 1186 814 870 1370 794 674 752 233 748 99 786 674 1063 1729 570 206 747 1133 1635 1712 786 947 576 708 713 499 0 557 726 787
0 730 555 447 1110 839 483 583 564 544 503 616 719 638 1347 147 610 866 1176 1407 1329 616 846 695 827 278 542 557 0 511 824
0 715 869 596 1011 1211 876 53 563 937 769 996 1092 831 1496 454 860 1293 1579 1051 1112 996 1239 1131 1254 475 357 726 511 0 564
0 929 1228 956 1088 1217 1115 617 602 1222 775 1260 1097 989 1605 820 866 1298 1699 1011 1103 1260 1371 1136 1260 918 413 787 824 564 0
