GRUBHUB: grubhub-11-4
DIMENSION: 23
0 627 672 768 556 343 575 787 963 831 935 687 1055 589 574 647 1047 706 652 851 919 627 552
0 0 825 607 450 766 664 1151 1332 1137 1006 993 1405 939 883 865 1148 768 872 1157 1269 0 675
0 825 0 619 643 507 1036 597 753 403 294 312 833 347 239 161 443 1167 1003 457 676 786 1013
0 607 619 0 244 791 891 1215 1371 1002 640 922 1117 965 858 780 783 1010 1073 1133 1295 490 876
0 450 643 244 0 705 750 1095 1276 1081 754 937 1349 883 828 810 897 854 935 1102 1213 429 759
0 766 507 791 705 0 797 444 620 698 802 554 697 408 441 514 864 916 567 685 753 877 800
0 664 1036 891 750 797 0 1138 1176 1227 1250 1083 1139 985 970 1043 1443 165 637 1247 1315 695 58
0 1151 597 1215 1095 444 1138 0 329 384 804 522 291 345 489 592 742 1266 910 280 361 1159 1150
0 1332 753 1371 1276 620 1176 329 0 493 898 682 138 499 644 769 835 1177 760 482 414 1345 1171
0 1137 403 1002 1081 698 1227 384 493 0 493 314 561 436 513 419 430 1388 1064 240 410 1098 1234
0 1006 294 640 754 802 1250 804 898 493 0 391 792 651 506 428 286 1367 1270 607 834 1048 1280
0 993 312 922 937 554 1083 522 682 314 391 0 653 261 278 289 432 1191 944 340 496 900 1037
0 1405 833 1117 1349 697 1139 291 138 561 792 653 0 542 649 774 803 1183 700 450 382 1350 1177
0 939 347 965 883 408 985 345 499 436 651 261 542 0 181 325 672 1087 843 457 525 909 971
0 883 239 858 828 441 970 489 644 513 506 278 649 181 0 267 622 1142 899 407 475 852 989
0 865 161 780 810 514 1043 592 769 419 428 289 774 325 267 0 462 1201 1037 488 710 798 1047
0 1148 443 783 897 864 1443 742 835 430 286 432 803 672 622 462 0 1453 1077 478 706 1132 1299
0 768 1167 1010 854 916 165 1266 1177 1388 1367 1191 1183 1087 1142 1201 1453 0 724 1319 1386 800 183
0 872 1003 1073 935 567 637 910 760 1064 1270 944 700 843 899 1037 1077 724 0 1148 1127 1062 717
0 1157 457 1133 1102 685 1247 280 482 240 607 340 450 457 407 488 478 1319 1148 0 337 1112 1249
0 1269 676 1295 1213 753 1315 361 414 410 834 496 382 525 475 710 706 1386 1127 337 0 1266 1245
0 0 786 490 429 877 695 1159 1345 1098 1048 900 1350 909 852 798 1132 800 1062 1112 1266 0 675
0 675 1013 876 759 800 58 1150 1171 1234 1280 1037 1177 971 989 1047 1299 183 717 1249 1245 675 0
