GRUBHUB: grubhub-09-0
DIMENSION: 19
0 546 825 848 997 608 893 562 450 750 987 544 879 825 1019 1222 762 957 896
0 0 314 1260 1241 811 1297 157 673 1153 1391 767 508 1229 1317 1409 1150 1194 1017
0 314 0 1417 1415 994 1462 376 838 1318 1556 932 552 1394 1500 1574 1331 1369 1192
0 1260 1417 0 371 346 139 1242 1116 491 495 1096 1492 343 295 730 172 524 886
0 1241 1415 371 0 454 480 1351 1221 781 814 1200 1596 672 260 1050 403 339 747
0 811 994 346 454 0 474 897 925 756 808 951 1280 637 506 1043 377 455 613
0 1297 1462 139 480 474 0 1285 1063 437 489 1043 1438 289 332 724 118 560 922
0 157 376 1242 1351 897 1285 0 661 1220 1457 754 382 1295 1424 1397 1233 1260 1083
0 673 838 1116 1221 925 1063 661 0 1067 999 424 703 1163 1410 1079 1154 1348 1296
0 1153 1318 491 781 756 437 1220 1067 0 542 878 1232 220 669 764 362 799 1132
0 1391 1556 495 814 808 489 1457 999 542 0 923 1274 331 662 318 459 890 1042
0 767 932 1096 1200 951 1043 754 424 878 923 0 569 1058 1252 996 995 1190 1138
0 508 552 1492 1596 1280 1438 382 703 1232 1274 569 0 1382 1636 1299 1380 1569 1392
0 1229 1394 343 672 637 289 1295 1163 220 331 1058 1382 0 440 580 279 689 1031
0 1317 1500 295 260 506 332 1424 1410 669 662 1252 1636 440 0 993 347 314 676
0 1409 1574 730 1050 1043 724 1397 1079 764 318 996 1299 580 993 0 648 1079 1194
0 1150 1331 172 403 377 118 1233 1154 362 459 995 1380 279 347 648 0 520 882
0 1194 1369 524 339 455 560 1260 1348 799 890 1190 1569 689 314 1079 520 0 493
0 1017 1192 886 747 613 922 1083 1296 1132 1042 1138 1392 1031 676 1194 882 493 0
