GRUBHUB: grubhub-12-1
DIMENSION: 25
0 1412 1396 1290 1242 993 626 1100 1268 489 559 770 921 792 657 854 966 413 305 1104 734 863 992 929 1144
0 0 479 1248 1124 2157 1425 1016 1237 967 952 1847 2085 1957 1650 2019 1934 1051 1137 1037 1019 1476 960 1550 1565
0 479 0 1016 893 1926 1194 784 1006 1019 943 1616 1854 1726 1419 1788 1703 1116 1203 806 788 1245 729 1319 1334
0 1248 1016 0 321 1330 833 386 228 1102 954 1161 1400 1271 966 1334 1260 1155 1310 398 746 621 687 621 854
0 1124 893 321 0 1452 720 182 406 972 842 1142 1380 1252 945 1314 1229 1057 1090 221 521 688 462 706 872
0 2157 1926 1330 1452 0 870 1396 1269 1359 1429 435 215 171 774 122 380 1293 1193 1285 1324 981 1496 1032 887
0 1425 1194 833 720 870 0 721 797 859 912 721 959 831 501 893 808 813 708 650 767 404 820 457 856
0 1016 784 386 182 1396 721 0 463 1069 949 1167 1405 1277 970 1339 1254 1167 1158 246 680 748 602 765 1054
0 1237 1006 228 406 1269 797 463 0 1225 1106 1182 1437 1292 986 1354 1281 1228 1326 414 825 637 766 641 875
0 967 1019 1102 972 1359 859 1069 1225 0 423 952 1177 1048 995 1111 1145 53 246 1042 649 916 842 969 1436
0 952 943 954 842 1429 912 949 1106 423 0 1183 1337 1208 1076 1270 1360 545 599 746 368 901 502 950 1362
0 1847 1616 1161 1142 435 721 1167 1182 952 1183 0 434 305 510 368 310 983 883 964 1039 669 1175 746 608
0 2085 1854 1400 1380 215 959 1405 1437 1177 1337 434 0 111 715 74 347 1240 1140 1225 1264 922 1436 1000 869
0 1957 1726 1271 1252 171 831 1277 1292 1048 1208 305 111 0 674 62 303 1131 1031 1114 1154 819 1325 896 758
0 1650 1419 966 945 774 501 970 986 995 1076 510 715 674 0 652 575 818 713 729 865 435 939 512 711
0 2019 1788 1334 1314 122 893 1339 1354 1111 1270 368 74 62 652 0 281 1169 1069 1162 1201 857 1373 934 806
0 1934 1703 1260 1229 380 808 1254 1281 1145 1360 310 347 303 575 281 0 1100 1000 1123 1186 782 1334 860 798
0 1051 1116 1155 1057 1293 813 1167 1228 53 545 983 1240 1131 818 1169 1100 0 194 1073 679 880 872 933 1401
0 1137 1203 1310 1090 1193 708 1158 1326 246 599 883 1140 1031 713 1069 1000 194 0 1100 707 882 900 934 1317
0 1037 806 398 221 1285 650 246 414 1042 746 964 1225 1114 729 1162 1123 1073 1100 0 461 537 356 554 946
0 1019 788 746 521 1324 767 680 825 649 368 1039 1264 1154 865 1201 1186 679 707 461 0 814 334 831 1252
0 1476 1245 621 688 981 404 748 637 916 901 669 922 819 435 857 782 880 882 537 814 0 666 174 720
0 960 729 687 462 1496 820 602 766 842 502 1175 1436 1325 939 1373 1334 872 900 356 334 666 0 761 1183
0 1550 1319 621 706 1032 457 765 641 969 950 746 1000 896 512 934 860 933 934 554 831 174 761 0 559
0 1565 1334 854 872 887 856 1054 875 1436 1362 608 869 758 711 806 798 1401 1317 946 1252 720 1183 559 0
