GRUBHUB: grubhub-13-6
DIMENSION: 27
0 422 504 1342 1182 1404 1467 1106 686 1406 1100 996 969 1141 907 1038 1199 931 978 1003 1047 770 985 1068 1189 758 483
0 0 577 1172 1125 1197 1297 1352 931 1115 718 939 913 819 851 777 945 576 922 973 1261 628 1200 807 1387 704 360
0 577 0 1445 1284 1507 1570 810 680 1549 1244 1099 1072 1189 1010 1200 1368 1124 1081 1396 1434 988 1373 1230 1577 1008 626
0 1172 1445 0 685 62 249 1986 1565 576 683 647 762 422 700 939 1015 601 795 1132 1097 1077 1246 841 1156 852 1058
0 1125 1284 685 0 510 573 1974 1554 1050 1098 481 652 732 785 1502 1578 940 399 1676 1641 1639 1790 1403 1700 896 1428
0 1197 1507 62 510 0 214 2034 1613 624 735 618 810 414 748 987 1063 639 740 1170 1135 1125 1284 888 1194 862 1106
0 1297 1570 249 573 214 0 2118 1698 640 829 875 895 632 833 1090 1166 733 913 1264 1229 1228 1378 991 1288 984 1190
0 1352 810 1986 1974 2034 2118 0 421 1634 1473 1630 1603 1711 1541 1225 1188 1464 1612 1017 1034 957 972 1255 1176 1518 1172
0 931 680 1565 1554 1613 1698 421 0 1368 1052 1208 1182 1290 1120 804 964 1042 1191 897 928 536 866 834 1070 1096 750
0 1115 1549 576 1050 624 640 1634 1368 0 485 969 933 560 871 778 801 648 952 727 692 941 841 705 751 873 1033
0 718 1244 683 1098 735 829 1473 1052 485 0 841 805 452 743 436 527 227 823 611 706 599 821 363 765 520 684
0 939 1099 647 481 618 875 1630 1208 969 841 0 502 587 369 1260 1349 777 433 1433 1433 1327 1582 1185 1492 573 1149
0 913 1072 762 652 810 895 1603 1182 933 805 502 0 506 220 1050 1142 488 502 1225 1295 1141 1435 977 1355 415 994
0 819 1189 422 732 414 632 1711 1290 560 452 587 506 0 422 857 933 356 502 987 951 995 1101 759 1011 526 858
0 851 1010 700 785 748 833 1541 1120 871 743 369 220 422 0 1180 1271 618 461 1355 1425 1271 1565 1107 1485 545 1124
0 777 1200 939 1502 987 1090 1225 804 778 436 1260 1050 857 1180 0 173 693 1206 255 544 300 589 170 671 890 695
0 945 1368 1015 1578 1063 1166 1188 964 801 527 1349 1142 933 1271 173 0 783 1302 278 541 435 587 282 684 987 813
0 576 1124 601 940 639 733 1464 1042 648 227 777 488 356 618 693 783 0 705 839 934 755 1049 591 993 293 608
0 922 1081 795 399 740 913 1612 1191 952 823 433 502 502 461 1206 1302 705 0 1311 1382 1228 1522 1064 1441 495 1063
0 973 1396 1132 1676 1170 1264 1017 897 727 611 1433 1225 987 1355 255 278 839 1311 0 409 514 373 443 548 1148 928
0 1261 1434 1097 1641 1135 1229 1034 928 692 706 1433 1295 951 1425 544 541 934 1382 409 0 751 170 556 143 1184 979
0 628 988 1077 1639 1125 1228 957 536 941 599 1327 1141 995 1271 300 435 755 1228 514 751 0 681 296 870 899 531
0 1200 1373 1246 1790 1284 1378 972 866 841 821 1582 1435 1101 1565 589 587 1049 1522 373 170 681 0 632 320 1337 902
0 807 1230 841 1403 888 991 1255 834 705 363 1185 977 759 1107 170 282 591 1064 443 556 296 632 0 675 799 735
0 1387 1577 1156 1700 1194 1288 1176 1070 751 765 1492 1355 1011 1485 671 684 993 1441 548 143 870 320 675 0 1180 993
0 704 1008 852 896 862 984 1518 1096 873 520 573 415 526 545 890 987 293 495 1148 1184 899 1337 799 1180 0 741
0 360 626 1058 1428 1106 1190 1172 750 1033 684 1149 994 858 1124 695 813 608 1063 928 979 531 902 735 993 741 0
