GRUBHUB: grubhub-12-2
DIMENSION: 25
0 422 513 696 722 667 223 445 315 662 362 696 674 1058 649 547 328 201 541 521 558 422 780 676 773
0 0 91 865 614 801 421 597 377 554 181 865 898 1303 841 739 347 545 409 402 353 0 374 486 591
0 91 0 913 703 849 469 644 425 643 253 913 920 1312 889 787 376 531 463 472 407 54 428 556 619
0 865 913 0 426 26 508 293 552 818 642 0 391 665 334 232 849 722 1105 496 827 717 1090 841 1072
0 614 703 426 0 445 445 326 477 550 544 518 656 991 599 497 786 659 962 298 545 654 927 544 913
0 801 849 26 445 0 481 267 525 791 616 293 364 769 307 282 823 696 1078 470 801 690 1064 814 1045
0 421 469 508 445 481 0 298 241 748 432 549 559 962 502 400 383 231 639 523 644 493 765 762 844
0 597 644 293 326 267 298 0 296 756 481 372 385 846 328 226 594 467 849 435 694 541 899 779 893
0 377 425 552 477 525 241 296 0 643 327 577 587 997 530 428 456 238 711 327 540 387 745 658 738
0 554 643 818 550 791 748 756 643 0 342 948 1128 1331 1071 922 738 858 675 457 281 499 612 82 457
0 181 253 642 544 616 432 481 327 342 0 788 871 1261 815 712 453 518 588 293 240 199 571 358 564
0 865 913 0 518 293 549 372 577 948 788 0 391 665 334 232 849 722 1105 496 827 717 1090 841 1072
0 898 920 391 656 364 559 385 587 1128 871 391 0 589 67 334 848 649 1104 698 1000 831 1189 1033 1182
0 1303 1312 665 991 769 962 846 997 1331 1261 665 589 0 557 722 997 911 1230 974 1276 1209 1316 1310 1560
0 841 889 334 599 307 502 328 530 1071 815 334 67 557 0 251 781 582 1036 690 917 763 1121 1035 1115
0 739 787 232 497 282 400 226 428 922 712 232 334 722 251 0 687 498 942 610 822 669 1027 940 1021
0 347 376 849 786 823 383 594 456 738 453 849 848 997 781 687 0 443 323 687 682 430 516 809 743
0 545 531 722 659 696 231 467 238 858 518 722 649 911 582 498 443 0 693 538 734 597 887 852 949
0 409 463 1105 962 1078 639 849 711 675 588 1105 1104 1230 1036 942 323 693 0 728 688 479 569 813 757
0 402 472 496 298 470 523 435 327 457 293 496 698 974 690 610 687 538 728 0 340 413 666 422 733
0 353 407 827 545 801 644 694 540 281 240 827 1000 1276 917 822 682 734 688 340 0 454 574 234 574
0 0 54 717 654 690 493 541 387 499 199 717 831 1209 763 669 430 597 479 413 454 0 374 486 591
0 374 428 1090 927 1064 765 899 745 612 571 1090 1189 1316 1121 1027 516 887 569 666 574 374 0 602 356
0 486 556 841 544 814 762 779 658 82 358 841 1033 1310 1035 940 809 852 813 422 234 486 602 0 469
0 591 619 1072 913 1045 844 893 738 457 564 1072 1182 1560 1115 1021 743 949 757 733 574 591 356 469 0
