GRUBHUB: grubhub-13-4
DIMENSION: 27
0 224 691 768 517 684 405 674 498 410 399 848 1257 567 587 684 943 768 455 684 898 477 221 223 311 618 986
0 0 695 771 405 767 609 762 329 614 520 656 1149 454 488 767 1026 771 417 767 981 598 310 1 449 643 794
0 695 0 77 930 1244 804 248 425 828 663 429 774 980 1064 1244 1440 77 380 1244 1437 742 464 676 896 160 567
0 771 77 0 1118 1339 899 360 674 922 756 673 985 1167 1251 1339 1535 0 524 1339 1532 834 559 827 991 408 811
0 405 930 1118 0 1003 934 1048 612 938 857 708 1170 83 132 1003 1262 1064 700 1003 1217 930 595 387 610 926 846
0 767 1244 1339 1003 0 483 1140 1170 523 790 1444 1763 1169 1159 0 254 1273 1048 0 330 868 820 810 662 1123 1582
0 609 804 899 934 483 0 738 780 146 397 1042 1361 952 973 539 704 871 646 539 767 476 418 609 533 721 1180
0 762 248 360 1048 1140 738 0 526 782 604 522 948 1026 1111 1198 1394 242 383 1198 1391 682 418 686 850 308 660
0 329 425 674 612 1170 780 526 0 849 682 428 863 639 724 1089 1348 516 358 1089 1303 761 485 323 771 388 566
0 614 828 922 938 523 146 782 849 0 358 1069 1388 979 1000 574 739 898 673 574 855 437 445 635 568 748 1207
0 520 663 756 857 790 397 604 682 358 0 866 1248 905 926 885 1000 713 533 885 1105 128 289 561 650 608 1004
0 656 429 673 708 1444 1042 522 428 1069 866 0 640 715 799 1350 1609 532 565 1350 1563 938 662 584 1065 389 138
0 1149 774 985 1170 1763 1361 948 863 1388 1248 640 0 1170 1254 1783 1978 779 903 1783 1976 1278 1002 1025 1432 682 655
0 454 980 1167 83 1169 952 1026 639 979 905 715 1170 0 217 1055 1314 1090 725 1055 1269 982 647 438 661 951 686
0 488 1064 1251 132 1159 973 1111 724 1000 926 799 1254 217 0 1108 1367 1057 897 1108 1322 1069 792 584 696 999 782
0 767 1244 1339 1003 0 539 1198 1089 574 885 1350 1783 1055 1108 0 254 1273 1048 0 330 868 820 810 662 1123 1582
0 1026 1440 1535 1262 254 704 1394 1348 739 1000 1609 1978 1314 1367 254 0 1501 1276 261 295 977 1048 1072 899 1351 1549
0 771 77 0 1064 1273 871 242 516 898 713 532 779 1090 1057 1273 1501 0 524 1339 1532 834 559 827 991 408 811
0 417 380 524 700 1048 646 383 358 673 533 565 903 725 897 1048 1276 524 0 1071 1285 654 378 401 698 260 608
0 767 1244 1339 1003 0 539 1198 1089 574 885 1350 1783 1055 1108 0 261 1339 1071 0 330 868 820 810 662 1123 1582
0 981 1437 1532 1217 330 767 1391 1303 855 1105 1563 1976 1269 1322 330 295 1532 1285 330 0 1122 1064 1073 916 1368 1827
0 598 742 834 930 868 476 682 761 437 128 938 1278 982 1069 868 977 834 654 868 1122 0 343 586 675 671 1059
0 310 464 559 595 820 418 418 485 445 289 662 1002 647 792 820 1048 559 378 820 1064 343 0 344 507 435 894
0 1 676 827 387 810 609 686 323 635 561 584 1025 438 584 810 1072 827 401 810 1073 586 344 0 448 645 795
0 449 896 991 610 662 533 850 771 568 650 1065 1432 661 696 662 899 991 698 662 916 675 507 448 0 889 1218
0 643 160 408 926 1123 721 308 388 748 608 389 682 951 999 1123 1351 408 260 1123 1368 671 435 645 889 0 459
0 794 567 811 846 1582 1180 660 566 1207 1004 138 655 686 782 1582 1549 811 608 1582 1827 1059 894 795 1218 459 0
