GRUBHUB: grubhub-10-7
DIMENSION: 21
0 782 961 1459 1374 782 1026 621 598 1071 1004 639 907 852 669 1121 1260 655 346 1142 1351
0 0 213 1178 1085 1030 971 595 746 323 516 726 595 1216 962 922 966 513 727 671 669
0 213 0 965 872 843 773 620 533 286 479 549 408 1107 749 716 752 377 773 732 820
0 1178 965 0 284 781 567 1182 1021 1053 900 1077 780 1132 1151 491 384 980 1459 978 1265
0 1085 872 284 0 671 429 1038 885 1038 931 965 552 1104 1040 353 213 842 1295 965 1273
0 1030 843 781 671 0 305 593 390 1024 1111 447 563 433 462 400 550 652 782 1145 1506
0 971 773 567 429 305 0 759 596 1062 1075 658 627 802 738 246 308 690 1093 1109 1540
0 595 620 1182 1038 593 759 0 359 814 978 228 533 865 520 741 880 307 528 1153 1175
0 746 533 1021 885 390 596 359 0 852 1045 221 498 676 310 705 845 463 615 1118 1410
0 323 286 1053 1038 1024 1062 814 852 0 360 820 648 1334 1020 984 1023 630 855 613 827
0 516 479 900 931 1111 1075 978 1045 360 0 994 559 1403 1115 800 851 822 838 279 786
0 726 549 1077 965 447 658 228 221 820 994 0 464 715 367 671 811 351 732 1084 1289
0 595 408 780 552 563 627 533 498 648 559 464 0 943 655 471 538 463 861 673 1135
0 1216 1107 1132 1104 433 802 865 676 1334 1403 715 943 0 504 888 1038 924 807 1496 1664
0 962 749 1151 1040 462 738 520 310 1020 1115 367 655 504 0 738 888 712 667 1319 1547
0 922 716 491 353 400 246 741 705 984 800 671 471 888 738 0 285 613 1092 940 1372
0 966 752 384 213 550 308 880 845 1023 851 811 538 1038 888 285 0 731 1183 912 1344
0 513 377 980 842 652 690 307 463 630 822 351 463 924 712 613 731 0 550 959 1123
0 727 773 1459 1295 782 1093 528 615 855 838 732 861 807 667 1092 1183 550 0 1047 1257
0 671 732 978 965 1145 1109 1153 1118 613 279 1084 673 1496 1319 940 912 959 1047 0 537
0 669 820 1265 1273 1506 1540 1175 1410 827 786 1289 1135 1664 1547 1372 1344 1123 1257 537 0
