GRUBHUB: grubhub-14-2
DIMENSION: 29
0 774 557 1577 1399 848 965 774 372 1089 868 1330 1173 1374 1911 1417 1817 1260 1135 302 383 1190 1193 988 914 638 646 882 1038
0 0 731 1158 1267 380 1007 0 800 1100 1055 1523 1380 1027 1490 1061 1382 1451 1343 581 640 1201 923 1185 876 1049 899 438 697
0 731 0 1410 1488 723 1164 539 346 1288 1240 1838 1680 1249 1712 1291 1691 1767 1642 542 409 1390 1190 1370 1113 1149 1160 794 836
0 1158 1410 0 561 974 868 1108 1545 649 939 1065 1322 321 581 198 638 1124 1249 1723 1534 573 742 825 899 1357 1193 1073 1211
0 1267 1488 561 0 1137 655 1277 1636 435 566 608 1158 667 814 747 1122 684 830 1361 1647 245 549 452 709 1026 845 1241 1307
0 380 723 974 1137 0 713 357 794 837 789 1257 1202 927 1390 922 1281 1184 1146 773 783 938 822 919 662 872 630 322 421
0 1007 1164 868 655 713 0 828 1271 356 425 784 1073 871 1178 993 1248 725 808 996 1236 457 489 380 197 670 506 792 926
0 0 539 1108 1277 357 828 0 800 1100 1055 1523 1380 1027 1490 1061 1382 1451 1343 581 640 1201 923 1185 876 1049 899 438 697
0 800 346 1545 1636 794 1271 800 0 1391 1161 1633 1475 1360 1823 1403 1803 1562 1437 319 354 1492 1302 1281 1216 937 939 854 948
0 1100 1288 649 435 837 356 1100 1391 0 527 683 1175 718 956 846 1229 742 867 1162 1412 226 450 435 383 772 608 987 1120
0 1055 1240 939 566 789 425 1055 1161 527 0 468 710 1138 1345 1217 1650 396 383 885 1171 736 841 206 548 573 369 1032 1188
0 1523 1838 1065 608 1257 784 1523 1633 683 468 0 643 1030 1137 1126 1445 75 316 1271 1557 870 1086 491 854 774 779 1411 1627
0 1380 1680 1322 1158 1202 1073 1380 1475 1175 710 643 0 1333 1440 1429 1759 523 379 1160 1446 1302 1477 821 1185 691 720 1300 1456
0 1027 1249 321 667 927 871 1027 1360 718 1138 1030 1333 0 837 367 799 998 1030 1388 1398 719 510 1037 667 1357 1193 936 1002
0 1490 1712 581 814 1390 1178 1490 1823 956 1345 1137 1440 837 0 598 689 1276 1307 1981 1879 831 1072 1079 1191 1614 1450 1418 1484
0 1061 1291 198 747 922 993 1061 1403 846 1217 1126 1429 367 598 0 751 1273 1246 1382 1392 722 662 974 819 1439 1275 931 1088
0 1382 1691 638 1122 1281 1248 1382 1803 1229 1650 1445 1759 799 689 751 0 1439 1471 1632 1642 1016 820 1268 977 1667 1503 1180 1246
0 1451 1767 1124 684 1184 725 1451 1562 742 396 75 523 998 1276 1273 1439 0 244 1193 1479 879 1095 433 797 696 722 1333 1569
0 1343 1642 1249 830 1146 808 1343 1437 867 383 316 379 1030 1307 1246 1471 244 0 1111 1397 1088 1149 602 966 614 627 1252 1408
0 581 542 1723 1361 773 996 581 319 1162 885 1271 1160 1388 1981 1382 1632 1193 1111 0 306 1232 1227 1011 955 747 670 925 1039
0 640 409 1534 1647 783 1236 640 354 1412 1171 1557 1446 1398 1879 1392 1642 1479 1397 306 0 1443 1299 1222 1166 955 881 823 1005
0 1201 1390 573 245 938 457 1201 1492 226 736 870 1302 719 831 722 1016 879 1088 1232 1443 0 304 610 464 900 736 996 1062
0 923 1190 742 549 822 489 923 1302 450 841 1086 1477 510 1072 662 820 1095 1149 1227 1299 304 0 852 507 1142 978 933 989
0 1185 1370 825 452 919 380 1185 1281 435 206 491 821 1037 1079 974 1268 433 602 1011 1222 610 852 0 487 612 431 1094 1260
0 876 1113 899 709 662 197 876 1216 383 548 854 1185 667 1191 819 977 797 966 955 1166 464 507 487 0 867 703 881 979
0 1049 1149 1357 1026 872 670 1049 937 772 573 774 691 1357 1614 1439 1667 696 614 747 955 900 1142 612 867 0 271 924 1080
0 899 1160 1193 845 630 506 899 939 608 369 779 720 1193 1450 1275 1503 722 627 670 881 736 978 431 703 271 0 778 934
0 438 794 1073 1241 322 792 438 854 987 1032 1411 1300 936 1418 931 1180 1333 1252 925 823 996 933 1094 881 924 778 0 406
0 697 836 1211 1307 421 926 697 948 1120 1188 1627 1456 1002 1484 1088 1246 1569 1408 1039 1005 1062 989 1260 979 1080 934 406 0
