GRUBHUB: grubhub-06-8
DIMENSION: 13
0 761 659 1170 1046 1397 1167 1530 1574 1188 1182 1186 1547
0 0 410 968 834 1369 949 1502 1551 726 572 980 1245
0 410 0 1096 963 1572 1078 1705 1377 712 563 1109 1140
0 968 1096 0 186 771 211 890 771 1121 846 105 646
0 834 963 186 0 750 214 883 798 976 700 249 641
0 1369 1572 771 750 0 706 203 407 1684 1409 804 836
0 949 1078 211 214 706 0 734 639 1159 883 252 481
0 1502 1705 890 883 203 734 0 454 1750 1474 870 883
0 1551 1377 771 798 407 639 454 0 1299 1380 612 598
0 726 712 1121 976 1684 1159 1750 1299 0 547 1217 1071
0 572 563 846 700 1409 883 1474 1380 547 0 830 1003
0 980 1109 105 249 804 252 870 612 1217 830 0 541
0 1245 1140 646 641 836 481 883 598 1071 1003 541 0
