GRUBHUB: grubhub-11-0
DIMENSION: 23
0 951 612 659 367 1136 812 1103 1320 1515 1434 647 661 1191 1417 1136 1373 756 1080 515 566 1134 1085
0 0 648 729 994 612 377 650 1130 917 1395 532 1005 1162 829 612 1234 715 1014 720 1221 403 373
0 648 0 174 635 1054 585 1015 1485 1234 1546 251 834 1303 1146 1054 1517 295 696 90 957 556 507
0 729 174 0 713 999 555 960 1416 1399 1477 236 912 1234 1311 999 1448 412 813 168 1035 627 578
0 994 635 713 0 796 862 828 986 1181 1100 696 334 857 1083 796 1039 853 1208 559 368 1183 1134
0 612 1054 999 796 0 675 31 685 722 935 841 796 715 604 0 738 1145 1303 1017 1012 862 813
0 377 585 555 862 675 0 683 1181 1122 1368 204 987 1134 1034 723 1224 525 755 470 1116 322 273
0 650 1015 960 828 31 683 0 669 696 928 841 789 708 598 31 722 1155 1302 1016 1005 861 812
0 1130 1485 1416 986 685 1181 669 0 369 555 1231 802 304 655 586 93 1354 1548 1370 1018 1311 1262
0 917 1234 1399 1181 722 1122 696 369 0 842 1327 1047 625 369 654 431 1181 1375 1307 1263 1213 1184
0 1395 1546 1477 1100 935 1368 928 555 842 0 1264 897 150 887 812 393 1707 1854 1465 1113 1413 1364
0 532 251 236 696 841 204 841 1231 1327 1264 0 839 1067 1143 832 1281 463 785 284 953 508 459
0 1005 834 912 334 796 987 789 802 1047 897 839 0 638 863 784 819 1103 1504 712 393 1260 1211
0 1162 1303 1234 857 715 1134 708 304 625 150 1067 638 0 748 670 251 1567 1715 1318 965 1273 1224
0 829 1146 1311 1083 604 1034 598 655 369 887 1143 863 748 0 626 774 1147 1341 1273 1274 1211 1182
0 612 1054 999 796 0 723 31 586 654 812 832 784 670 626 0 738 1145 1303 1017 1012 862 813
0 1234 1517 1448 1039 738 1224 722 93 431 393 1281 819 251 774 738 0 1457 1803 1410 1058 1362 1313
0 715 295 412 853 1145 525 1155 1354 1181 1707 463 1103 1567 1147 1145 1457 0 575 393 924 660 611
0 1014 696 813 1208 1303 755 1302 1548 1375 1854 785 1504 1715 1341 1303 1803 575 0 781 1349 766 717
0 720 90 168 559 1017 470 1016 1370 1307 1465 284 712 1318 1273 1017 1410 393 781 0 867 630 581
0 1221 957 1035 368 1012 1116 1005 1018 1263 1113 953 393 965 1274 1012 1058 924 1349 867 0 1205 1156
0 403 556 627 1183 862 322 861 1311 1213 1413 508 1260 1273 1211 862 1362 660 766 630 1205 0 210
0 373 507 578 1134 813 273 812 1262 1184 1364 459 1211 1224 1182 813 1313 611 717 581 1156 210 0
