GRUBHUB: grubhub-08-7
DIMENSION: 17
0 947 659 640 777 1200 1042 661 779 598 552 1304 1373 868 1546 1246 1447
0 0 516 368 632 635 642 281 363 782 797 421 511 1612 2099 362 569
0 516 0 166 728 667 527 191 627 583 632 793 883 1417 2068 735 941
0 368 166 0 645 760 602 151 665 662 598 798 888 1396 2034 739 946
0 632 728 645 0 1204 1083 520 505 1184 371 1007 1076 1150 1577 949 1150
0 635 667 760 1204 0 167 528 937 779 1106 843 771 1695 2149 833 795
0 642 527 602 1083 167 0 472 882 713 1050 856 801 1629 2102 882 846
0 281 191 151 520 528 472 0 582 745 578 748 838 1392 2000 689 896
0 363 627 665 505 937 882 582 0 1125 642 629 697 1473 1871 570 772
0 782 583 662 1184 779 713 745 1125 0 958 1271 1207 1028 1713 1212 1299
0 797 632 598 371 1106 1050 578 642 958 0 1148 1217 955 1487 1090 1291
0 421 793 798 1007 843 856 748 629 1271 1148 0 211 2083 2156 48 257
0 511 883 888 1076 771 801 838 697 1207 1217 211 0 1948 2220 178 209
0 1612 1417 1396 1150 1695 1629 1392 1473 1028 955 2083 1948 0 862 1976 2063
0 2099 2068 2034 1577 2149 2102 2000 1871 1713 1487 2156 2220 862 0 2283 2387
0 362 735 739 949 833 882 689 570 1212 1090 48 178 1976 2283 0 275
0 569 941 946 1150 795 846 896 772 1299 1291 257 209 2063 2387 275 0
