GRUBHUB: grubhub-08-0
DIMENSION: 17
0 715 356 1080 1523 816 556 788 1206 629 595 733 1150 631 688 375 192
0 0 725 696 1249 520 906 973 912 281 367 876 998 262 809 897 882
0 725 0 1061 1614 797 773 648 1066 610 575 950 1284 612 572 385 294
0 696 1061 0 713 484 915 1406 1518 797 866 555 575 917 1226 1107 1092
0 1249 1614 713 0 966 1128 1906 1717 1298 1366 828 566 1418 1727 1609 1594
0 520 797 484 966 0 658 1182 1401 624 693 432 616 744 1053 816 800
0 906 773 915 1128 658 0 1150 1568 847 916 461 878 955 1074 638 601
0 973 648 1406 1906 1182 1150 0 437 766 706 1459 1767 782 289 791 804
0 912 1066 1518 1717 1401 1568 437 0 1020 893 1603 1543 949 597 1126 1119
0 281 610 797 1298 624 847 766 1020 0 160 971 1152 177 609 773 758
0 367 575 866 1366 693 916 706 893 160 0 1011 1191 118 516 749 659
0 876 950 555 828 432 461 1459 1603 971 1011 0 417 1086 1329 930 857
0 998 1284 575 566 616 878 1767 1543 1152 1191 417 0 1163 1472 1272 1199
0 262 612 917 1418 744 955 782 949 177 118 1086 1163 0 588 775 721
0 809 572 1226 1727 1053 1074 289 597 609 516 1329 1472 588 0 653 562
0 897 385 1107 1609 816 638 791 1126 773 749 930 1272 775 653 0 331
0 882 294 1092 1594 800 601 804 1119 758 659 857 1199 721 562 331 0
