GRUBHUB: grubhub-12-3
DIMENSION: 25
0 625 631 1311 1488 1299 1410 912 1109 912 1031 1176 1321 798 943 892 841 242 372 912 636 1176 900 1275 1258
0 0 57 767 944 1102 1211 872 1452 872 613 740 1170 751 1007 694 801 850 1058 872 446 741 916 813 812
0 57 0 753 930 1088 1197 859 1443 859 599 727 1157 767 994 680 788 863 1072 859 492 727 923 800 798
0 767 753 0 368 407 651 900 1485 900 640 610 1215 809 1035 721 829 1265 1455 900 739 610 964 595 718
0 944 930 368 0 236 481 1002 1587 1002 657 459 987 911 1137 823 931 1392 1582 1002 881 460 1066 430 566
0 1102 1088 407 236 0 420 1186 1516 1186 730 579 906 1007 1162 1007 1115 1488 1678 1186 1055 579 1250 549 605
0 1211 1197 651 481 420 0 1422 1865 1422 1039 888 1038 1331 1510 1243 1351 1790 1645 1422 1264 888 1486 858 954
0 872 859 900 1002 1186 1422 0 657 0 557 705 674 379 135 221 133 735 902 0 585 705 255 778 618
0 1452 1443 1485 1587 1516 1865 657 0 659 1076 1171 852 926 643 816 728 1005 935 659 1111 1172 850 1129 967
0 872 859 900 1002 1186 1422 0 659 0 557 705 674 379 135 221 133 735 902 0 585 705 255 778 618
0 613 599 640 657 730 1039 557 1076 557 0 235 675 364 645 331 439 845 1035 510 546 235 574 333 317
0 740 727 610 459 579 888 705 1171 705 235 0 703 466 747 433 541 947 1137 612 644 0 676 203 281
0 1170 1157 1215 987 906 1038 674 852 674 675 703 0 794 712 716 665 1174 1363 705 975 677 756 644 482
0 751 767 809 911 1007 1331 379 926 379 364 466 794 0 420 180 214 545 735 285 346 560 263 659 595
0 1007 994 1035 1137 1162 1510 135 643 135 645 747 712 420 0 350 276 814 849 129 697 835 355 784 622
0 694 680 721 823 1007 1243 221 816 221 331 433 716 180 350 0 167 639 829 237 441 523 272 596 576
0 801 788 829 931 1115 1351 133 728 133 439 541 665 214 276 167 0 673 863 70 541 661 248 734 658
0 850 863 1265 1392 1488 1790 735 1005 735 845 947 1174 545 814 639 673 0 270 747 548 1011 736 1110 1093
0 1058 1072 1455 1582 1678 1645 902 935 902 1035 1137 1363 735 849 829 863 270 0 902 760 1245 970 1344 1327
0 872 859 900 1002 1186 1422 0 659 0 510 612 705 285 129 237 70 747 902 0 585 705 255 778 618
0 446 492 739 881 1055 1264 585 1111 585 546 644 975 346 697 441 541 548 760 585 0 847 624 946 929
0 741 727 610 460 579 888 705 1172 705 235 0 677 560 835 523 661 1011 1245 705 847 0 676 203 281
0 916 923 964 1066 1250 1486 255 850 255 574 676 756 263 355 272 248 736 970 255 624 676 0 694 631
0 813 800 595 430 549 858 778 1129 778 333 203 644 659 784 596 734 1110 1344 778 946 203 694 0 204
0 812 798 718 566 605 954 618 967 618 317 281 482 595 622 576 658 1093 1327 618 929 281 631 204 0
