GRUBHUB: grubhub-10-8
DIMENSION: 21
0 824 999 1105 1113 556 1121 824 223 830 780 851 741 1038 841 804 251 310 439 221 261
0 0 833 1008 1310 841 1319 0 731 715 444 113 230 702 536 846 930 594 951 937 944
0 833 0 485 724 400 733 878 805 1226 1078 896 656 1335 1140 144 849 702 591 997 1109
0 1008 485 0 646 624 780 1083 1029 1469 1320 994 852 1382 1382 369 1073 925 815 1083 1066
0 1310 724 646 0 727 241 1377 1132 1726 1578 1397 1204 1835 1640 617 1074 1029 919 1171 1153
0 841 400 624 727 0 801 832 403 1005 1033 852 660 1197 1044 343 448 300 190 596 707
0 1319 733 780 241 801 0 1331 1086 1680 1532 1350 1158 1789 1594 570 1028 983 873 1130 1112
0 0 878 1083 1377 832 1331 0 731 715 444 113 230 702 536 846 930 594 951 937 944
0 731 805 1029 1132 403 1086 731 0 880 895 844 594 1072 919 753 245 190 325 299 410
0 715 1226 1469 1726 1005 1680 715 880 0 401 687 800 192 193 1210 1111 763 1210 1131 1078
0 444 1078 1320 1578 1033 1532 444 895 401 0 509 700 257 192 1137 1001 716 1241 1020 967
0 113 896 994 1397 852 1350 113 844 687 509 0 351 743 574 905 988 653 1009 996 1002
0 230 656 852 1204 660 1158 230 594 800 700 351 0 880 725 669 861 558 774 899 964
0 702 1335 1382 1835 1197 1789 702 1072 192 257 743 880 0 267 1324 1215 918 1364 1234 1182
0 536 1140 1382 1640 1044 1594 536 919 193 192 574 725 267 0 1158 996 712 1158 1016 963
0 846 144 369 617 343 570 846 753 1210 1137 905 669 1324 1158 0 776 628 518 924 856
0 930 849 1073 1074 448 1028 930 245 1111 1001 988 861 1215 996 776 0 388 249 362 473
0 594 702 925 1029 300 983 594 190 763 716 653 558 918 712 628 388 0 446 454 513
0 951 591 815 919 190 873 951 325 1210 1241 1009 774 1364 1158 518 249 446 0 543 654
0 937 997 1083 1171 596 1130 937 299 1131 1020 996 899 1234 1016 924 362 454 543 0 233
0 944 1109 1066 1153 707 1112 944 410 1078 967 1002 964 1182 963 856 473 513 654 233 0
