GRUBHUB: grubhub-09-8
DIMENSION: 19
0 874 1021 1166 1240 1069 1136 980 1043 1086 965 998 1431 491 768 1313 929 1049 1031
0 0 373 482 516 704 614 333 374 525 940 394 826 660 354 709 389 403 881
0 373 0 244 439 488 398 56 172 304 704 722 1102 752 496 979 629 126 645
0 482 244 0 269 502 428 269 363 294 626 837 1047 901 780 981 672 190 620
0 516 439 269 0 665 575 357 345 441 829 771 898 921 708 920 581 297 798
0 704 488 502 665 0 164 431 503 472 369 989 1364 786 788 1241 891 397 310
0 614 398 428 575 164 0 387 459 406 480 945 1320 745 744 1197 848 353 422
0 333 56 269 357 431 387 0 123 232 648 671 1046 739 484 923 573 69 589
0 374 172 363 345 503 459 123 0 335 752 768 1143 781 571 1019 670 166 693
0 525 304 294 441 472 406 232 335 0 472 870 1231 691 645 1119 784 252 414
0 940 704 626 829 369 480 648 752 472 0 1151 1211 980 1075 1436 1122 645 228
0 394 722 837 771 989 945 671 768 870 1151 0 752 1022 493 634 283 548 1049
0 826 1102 1047 898 1364 1320 1046 1143 1231 1211 752 0 1455 927 164 701 990 1442
0 660 752 901 921 786 745 739 781 691 980 1022 1455 0 695 1320 935 787 869
0 354 496 780 708 788 744 484 571 645 1075 493 927 695 0 758 374 602 1080
0 709 979 981 920 1241 1197 923 1019 1119 1436 634 164 1320 758 0 587 867 1368
0 389 629 672 581 891 848 573 670 784 1122 283 701 935 374 587 0 614 1115
0 403 126 190 297 397 353 69 166 252 645 548 990 787 602 867 614 0 532
0 881 645 620 798 310 422 589 693 414 228 1049 1442 869 1080 1368 1115 532 0
