GRUBHUB: grubhub-08-1
DIMENSION: 17
0 519 909 435 552 1006 1868 857 1008 612 714 999 363 615 358 228 798
0 0 513 872 972 971 1790 1294 1146 1049 1023 1100 800 1025 825 483 279
0 513 0 1216 1217 1249 1704 1639 1564 1393 1301 1518 1145 1369 1115 827 427
0 872 1216 0 576 1246 1807 641 878 395 653 783 338 377 363 572 1113
0 972 1217 576 0 911 1472 758 1023 431 318 900 144 534 193 562 1109
0 971 1249 1246 911 0 1064 1325 1552 1217 660 1486 996 1392 941 889 1185
0 1790 1704 1807 1472 1064 0 2028 1600 1850 1306 1897 1629 2025 1602 1894 2003
0 1294 1639 641 758 1325 2028 0 493 467 899 183 773 545 820 1072 1297
0 1146 1564 878 1023 1552 1600 493 0 866 1224 443 874 646 898 1111 1282
0 1049 1393 395 431 1217 1850 467 866 0 523 647 306 419 352 714 1272
0 1023 1301 653 318 660 1306 899 1224 523 0 1027 348 757 297 673 1215
0 1100 1518 783 900 1486 1897 183 443 647 1027 0 806 519 842 1064 1304
0 800 1145 338 144 996 1629 773 874 306 348 806 0 414 271 633 1188
0 1025 1369 377 534 1392 2025 545 646 419 757 519 414 0 529 751 1292
0 825 1115 363 193 941 1602 820 898 352 297 842 271 529 0 378 919
0 483 827 572 562 889 1894 1072 1111 714 673 1064 633 751 378 0 699
0 279 427 1113 1109 1185 2003 1297 1282 1272 1215 1304 1188 1292 919 699 0
