GRUBHUB: grubhub-12-6
DIMENSION: 25
0 1046 1340 875 1205 1210 842 901 731 785 1004 882 527 518 804 662 906 992 897 1106 978 1046 1520 495 465
0 0 544 455 291 354 375 407 757 676 968 1191 906 614 791 474 423 192 724 1418 1323 0 716 669 811
0 544 0 687 274 405 583 504 873 952 1005 1467 1183 732 907 707 557 341 639 1455 1599 469 507 946 1087
0 455 687 0 450 381 463 669 759 530 820 1055 784 456 793 315 599 455 919 1276 1186 377 752 511 653
0 291 274 450 0 252 481 467 863 793 994 1308 1024 713 897 617 535 252 785 1444 1440 298 497 787 928
0 354 405 381 252 0 721 696 1018 735 840 1242 1004 860 948 720 780 481 791 1299 1347 498 488 916 1057
0 375 583 463 481 721 0 391 527 846 1215 1324 1025 386 561 376 150 223 662 1540 1412 290 740 738 812
0 407 504 669 467 696 391 0 499 992 1093 1507 1222 583 583 557 408 261 318 1543 1609 316 793 952 1009
0 757 873 759 863 1018 527 499 0 1082 1155 1477 1123 592 299 571 593 537 237 1701 1574 665 779 948 1018
0 676 952 530 793 735 846 992 1082 0 656 703 457 616 1137 683 919 817 1264 1004 835 697 1089 420 549
0 968 1005 820 994 840 1215 1093 1155 656 0 922 766 956 1396 1051 1282 1177 1239 938 997 1060 983 826 816
0 1191 1467 1055 1308 1242 1324 1507 1477 703 922 0 466 914 1538 1094 1376 1275 1631 506 293 1154 1266 756 558
0 906 1183 784 1024 1004 1025 1222 1123 457 766 466 0 759 1366 939 1208 1137 1459 725 565 1016 1207 600 402
0 614 732 456 713 860 386 583 592 616 956 914 759 0 675 165 449 558 802 1154 1026 613 1063 372 426
0 791 907 793 897 948 561 583 299 1137 1396 1538 1366 675 0 548 608 717 406 1648 1521 772 948 929 1003
0 474 707 315 617 720 376 557 571 683 1051 1094 939 165 548 0 410 436 747 1301 1174 488 972 429 574
0 423 557 599 535 780 150 408 593 919 1282 1376 1208 449 608 410 0 332 608 1439 1311 387 837 656 711
0 192 341 455 252 481 223 261 537 817 1177 1275 1137 558 717 436 332 0 689 1563 1435 282 744 690 836
0 724 639 919 785 791 662 318 237 1264 1239 1631 1459 802 406 747 608 689 0 1616 1748 643 790 1141 1218
0 1418 1455 1276 1444 1299 1540 1543 1701 1004 938 506 725 1154 1648 1301 1439 1563 1616 0 342 1482 1439 1061 863
0 1323 1599 1186 1440 1347 1412 1609 1574 835 997 293 565 1026 1521 1174 1311 1435 1748 342 0 1337 1448 915 717
0 0 469 377 298 498 290 316 665 697 1060 1154 1016 613 772 488 387 282 643 1482 1337 0 716 669 811
0 716 507 752 497 488 740 793 779 1089 983 1266 1207 1063 948 972 837 744 790 1439 1448 716 0 1222 1364
0 669 946 511 787 916 738 952 948 420 826 756 600 372 929 429 656 690 1141 1061 915 669 1222 0 176
0 811 1087 653 928 1057 812 1009 1018 549 816 558 402 426 1003 574 711 836 1218 863 717 811 1364 176 0
