GRUBHUB: grubhub-03-9
DIMENSION: 7
0 1559 2007 1755 2111 1952 1184
0 0 523 821 678 430 748
0 523 0 846 584 354 1223
0 821 846 0 457 491 1084
0 678 584 457 0 365 1373
0 430 354 491 365 0 1098
0 748 1223 1084 1373 1098 0
