GRUBHUB: grubhub-09-3
DIMENSION: 19
0 1134 1034 253 1238 1185 1460 1281 1423 364 758 630 1060 847 868 770 982 904 721
0 0 237 849 787 913 745 909 972 1058 1461 793 873 1030 474 1227 1520 1293 1350
0 237 0 849 855 785 565 977 1019 1058 1463 795 727 920 402 1229 1522 1295 1352
0 849 849 0 1051 988 1272 1131 1236 293 752 503 981 729 687 734 976 779 706
0 787 855 1051 0 1209 1025 170 257 973 1351 1223 1401 1405 891 1632 1537 1678 1634
0 913 785 988 1209 0 480 1203 1224 1195 1277 707 259 716 647 1074 1368 1141 1195
0 745 565 1272 1025 480 0 1104 1125 1401 1640 1096 678 1079 703 1437 1731 1504 1558
0 909 977 1131 170 1203 1104 0 422 859 1236 1258 1502 1439 992 1375 1423 1420 1402
0 972 1019 1236 257 1224 1125 422 0 1155 1515 1414 1536 1596 1082 1654 1702 1699 1825
0 1058 1058 293 973 1195 1401 859 1155 0 721 669 1075 850 815 900 1071 1008 871
0 1461 1463 752 1351 1277 1640 1236 1515 721 0 640 1056 849 1146 350 490 662 271
0 793 795 503 1223 707 1096 1258 1414 669 640 0 569 332 506 433 727 500 557
0 873 727 981 1401 259 678 1502 1536 1075 1056 569 0 612 622 971 1264 1037 1092
0 1030 920 729 1405 716 1079 1439 1596 850 849 332 612 0 801 597 890 669 720
0 474 402 687 891 647 703 992 1082 815 1146 506 622 801 0 1001 1294 1068 1124
0 1227 1229 734 1632 1074 1437 1375 1654 900 350 433 971 597 1001 0 288 330 150
0 1520 1522 976 1537 1368 1731 1423 1702 1071 490 727 1264 890 1294 288 0 549 390
0 1293 1295 779 1678 1141 1504 1420 1699 1008 662 500 1037 669 1068 330 549 0 504
0 1350 1352 706 1634 1195 1558 1402 1825 871 271 557 1092 720 1124 150 390 504 0
