GRUBHUB: grubhub-12-5
DIMENSION: 25
0 409 875 962 1194 465 990 923 1098 754 379 817 1167 924 939 702 588 752 1278 1068 584 848 923 1205 1825
0 0 502 1067 1298 166 679 606 687 343 639 804 1272 1029 1044 578 450 370 867 743 650 983 1028 1105 1815
0 502 0 1288 1378 552 611 272 488 144 985 849 1362 1229 1140 455 464 233 676 379 694 1116 1252 1037 1807
0 1067 1288 0 349 1293 1609 1199 1287 1257 795 649 298 213 201 970 918 1123 1365 1313 747 312 155 2035 2048
0 1298 1378 349 0 1445 1390 1129 1143 1103 863 513 126 482 281 973 952 1157 1220 1174 775 466 327 1816 2197
0 166 552 1293 1445 0 675 667 769 425 790 955 1423 1180 1194 697 600 425 949 825 801 1134 1179 1002 1731
0 679 611 1609 1390 675 0 746 622 479 1231 1211 1541 1592 1503 929 866 551 559 880 1057 1479 1615 537 1314
0 606 272 1199 1129 667 746 0 428 411 1070 721 1144 1233 1076 343 493 483 716 176 710 1120 1188 1313 1707
0 687 488 1287 1143 769 622 428 0 335 1286 1028 1256 1327 1264 564 681 653 533 496 935 1214 1347 1048 1694
0 343 144 1257 1103 425 479 411 335 0 967 893 1406 1274 1184 529 547 186 556 421 738 1160 1296 944 1714
0 639 985 795 863 790 1231 1070 1286 967 0 599 887 645 659 837 761 951 1594 1203 574 599 643 1466 1993
0 804 849 649 513 955 1211 721 1028 893 599 0 710 700 518 525 532 737 1307 767 355 562 630 1649 2178
0 1272 1362 298 126 1423 1541 1144 1256 1406 887 710 0 475 307 1066 1014 1219 1312 1247 843 490 360 1908 2237
0 1029 1229 213 482 1180 1592 1233 1327 1274 645 700 475 0 225 923 871 1076 1318 1275 700 269 138 1988 1991
0 1044 1140 201 281 1194 1503 1076 1264 1184 659 518 307 225 0 870 818 1024 1308 1178 648 214 135 1935 2122
0 578 455 970 973 697 929 343 564 529 837 525 1066 923 870 0 309 423 878 387 568 990 1103 1334 2067
0 450 464 918 952 600 866 493 681 547 761 532 1014 871 818 309 0 398 1000 575 400 862 983 1310 2079
0 370 233 1123 1157 425 551 483 653 186 951 737 1219 1076 1024 423 398 0 764 519 682 1104 1243 1024 1796
0 867 676 1365 1220 949 559 716 533 556 1594 1307 1312 1318 1308 878 1000 764 0 760 1145 1267 1400 976 1753
0 743 379 1313 1174 825 880 176 496 421 1203 767 1247 1275 1178 387 575 519 760 0 833 1161 1294 1304 1714
0 650 694 747 775 801 1057 710 935 738 574 355 843 700 648 568 400 682 1145 833 0 721 857 1482 2252
0 983 1116 312 466 1134 1479 1120 1214 1160 599 562 490 269 214 990 862 1104 1267 1161 721 0 228 1837 2144
0 1028 1252 155 327 1179 1615 1188 1347 1296 643 630 360 138 135 1103 983 1243 1400 1294 857 228 0 1980 2042
0 1105 1037 2035 1816 1002 537 1313 1048 944 1466 1649 1908 1988 1935 1334 1310 1024 976 1304 1482 1837 1980 0 903
0 1815 1807 2048 2197 1731 1314 1707 1694 1714 1993 2178 2237 1991 2122 2067 2079 1796 1753 1714 2252 2144 2042 903 0
