GRUBHUB: grubhub-15-7
DIMENSION: 31
0 819 1009 552 647 779 806 834 684 385 662 1011 551 976 1222 779 1054 841 865 706 565 371 490 368 259 519 490 657 712 495 609
0 0 569 1055 998 1277 1303 1056 801 569 1201 1355 1054 1119 1064 1277 1433 1380 1050 509 594 639 437 876 659 375 1029 1196 1251 992 949
0 569 0 1344 1069 1527 1554 1204 917 656 1454 1688 1343 1267 1212 1527 1581 1633 1429 621 665 744 852 1160 1074 572 1282 1449 1504 1089 1020
0 1055 1344 0 844 748 775 937 1011 712 475 702 0 1002 1237 748 1001 654 490 1023 892 698 749 248 467 846 303 348 525 502 864
0 998 1069 844 0 823 833 395 289 702 929 1224 923 578 801 823 824 971 1237 505 399 642 811 740 631 688 862 1029 941 384 178
0 1277 1527 748 823 0 38 726 820 1007 512 727 683 661 809 0 439 474 822 1143 997 993 1088 766 872 1141 626 560 407 536 865
0 1303 1554 775 833 38 0 721 814 1009 514 728 686 655 804 37 433 475 825 1137 1000 995 1090 769 875 1144 629 562 409 538 859
0 1056 1204 937 395 726 721 0 411 951 963 1200 995 303 527 696 633 932 1231 733 658 879 1071 890 908 728 938 969 816 427 445
0 801 917 1011 289 820 814 411 0 639 1091 1360 1027 637 692 858 891 1091 1341 421 434 566 864 843 734 638 965 1129 976 526 282
0 569 656 712 702 1007 1009 951 639 0 974 1323 863 1068 1025 1031 1306 1159 1186 321 265 264 369 680 572 245 802 969 1024 700 612
0 1201 1454 475 929 512 514 963 1091 974 0 627 475 815 926 462 665 374 726 1226 905 900 951 558 735 1049 330 360 245 454 816
0 1355 1688 702 1224 727 728 1200 1360 1323 627 0 655 1169 1280 731 1020 300 435 1511 1287 1176 1227 787 1011 1324 595 314 456 836 1198
0 1054 1343 0 923 683 686 995 1027 863 475 655 0 982 1236 750 1003 656 492 1022 891 697 748 247 466 845 305 350 527 501 863
0 1119 1267 1002 578 661 655 303 637 1068 815 1169 982 0 339 664 416 899 1199 711 856 1076 1014 947 1063 785 909 936 783 450 614
0 1064 1212 1237 801 809 804 527 692 1025 926 1280 1236 339 0 831 494 1038 1337 690 950 979 993 1268 1217 764 1168 1075 922 718 765
0 1277 1527 748 823 0 37 696 858 1031 462 731 750 664 831 0 439 474 822 1143 997 993 1088 766 872 1141 626 560 407 536 865
0 1433 1581 1001 824 439 433 633 891 1306 665 1020 1003 416 494 439 0 754 1053 1125 1127 1335 1430 1108 1214 1199 956 791 638 727 924
0 1380 1633 654 971 474 475 932 1091 1159 374 300 656 899 1038 474 754 0 651 1286 1022 951 1002 607 786 1099 445 389 191 571 933
0 1050 1429 490 1237 822 825 1231 1341 1186 726 435 492 1199 1337 822 1053 651 0 1045 1221 1026 977 600 774 923 668 398 620 831 1193
0 509 621 1023 505 1143 1137 733 421 321 1226 1511 1022 711 690 1143 1125 1286 1045 0 251 316 631 846 640 388 969 1136 1190 674 579
0 594 665 892 399 997 1000 658 434 265 905 1287 891 856 950 997 1127 1022 1221 251 0 244 553 679 570 289 801 968 924 423 355
0 639 744 698 642 993 995 879 566 264 900 1176 697 1076 979 993 1335 951 1026 316 244 0 315 530 324 324 653 820 874 616 639
0 437 852 749 811 1088 1090 1071 864 369 951 1227 748 1014 993 1088 1430 1002 977 631 553 315 0 639 421 247 905 1004 1127 868 827
0 876 1160 248 740 766 769 890 843 680 558 787 247 947 1268 766 1108 607 600 846 679 530 639 0 283 702 485 545 707 541 796
0 659 1074 467 631 872 875 908 734 572 735 1011 466 1063 1217 872 1214 786 774 640 570 324 421 283 0 612 523 583 745 579 681
0 375 572 846 688 1141 1144 728 638 245 1049 1324 845 785 764 1141 1199 1099 923 388 289 324 247 702 612 0 858 1025 1080 720 651
0 1029 1282 303 862 626 629 938 965 802 330 595 305 909 1168 626 956 445 668 969 801 653 905 485 523 858 0 307 301 447 809
0 1196 1449 348 1029 560 562 969 1129 969 360 314 350 936 1075 560 791 389 398 1136 968 820 1004 545 583 1025 307 0 352 600 962
0 1251 1504 525 941 407 409 816 976 1024 245 456 527 783 922 407 638 191 620 1190 924 874 1127 707 745 1080 301 352 0 524 886
0 992 1089 502 384 536 538 427 526 700 454 836 501 450 718 536 727 571 831 674 423 616 868 541 579 720 447 600 524 0 358
0 949 1020 864 178 865 859 445 282 612 816 1198 863 614 765 865 924 933 1193 579 355 639 827 796 681 651 809 962 886 358 0
