GRUBHUB: grubhub-04-7
DIMENSION: 9
0 596 539 676 802 725 217 847 1060
0 0 411 1163 1289 452 525 352 591
0 411 0 933 1059 862 314 424 809
0 1163 933 0 131 1217 794 1175 1587
0 1289 1059 131 0 1210 916 1296 1709
0 452 862 1217 1210 0 725 847 996
0 525 314 794 916 725 0 722 902
0 352 424 1175 1296 847 722 0 410
0 591 809 1587 1709 996 902 410 0
