GRUBHUB: grubhub-05-2
DIMENSION: 11
0 1015 1314 470 436 561 579 697 831 512 832
0 0 576 772 855 927 942 938 608 639 768
0 576 0 1069 1153 1225 1240 841 395 760 1043
0 772 1069 0 97 172 191 824 944 563 435
0 855 1153 97 0 206 225 922 1042 661 532
0 927 1225 172 206 0 93 935 1061 674 424
0 942 1240 191 225 93 0 982 1107 721 518
0 938 841 824 922 935 982 0 429 438 991
0 608 395 944 1042 1061 1107 429 0 533 997
0 639 760 563 661 674 721 438 533 0 678
0 768 1043 435 532 424 518 991 997 678 0
