GRUBHUB: grubhub-09-4
DIMENSION: 19
0 208 208 930 974 756 760 575 695 986 1188 604 232 733 683 425 471 289 631
0 0 271 902 800 582 587 782 919 1210 1412 828 430 821 907 649 695 345 642
0 271 0 1007 1059 841 846 732 852 1082 1345 761 419 602 840 582 628 221 707
0 902 1007 0 674 748 772 993 914 1283 1193 800 784 1374 1178 695 655 996 341
0 800 1059 674 0 613 586 1257 1272 1671 1436 1197 905 1571 1491 1000 1043 1097 897
0 582 841 748 613 0 37 1129 1145 1543 1573 1061 777 1453 1367 872 915 979 832
0 587 846 772 586 37 0 1125 1140 1539 1569 1057 773 1439 1360 868 911 965 741
0 782 732 993 1257 1129 1125 0 207 518 852 554 461 550 366 450 473 864 714
0 919 852 914 1272 1145 1140 207 0 467 801 503 554 516 316 445 481 940 684
0 1210 1082 1283 1671 1543 1539 518 467 0 748 853 923 525 367 815 851 1094 1035
0 1412 1345 1193 1436 1573 1569 852 801 748 0 675 1106 1180 827 831 772 1499 976
0 828 761 800 1197 1061 1057 554 503 853 675 0 485 882 686 221 200 878 469
0 430 419 784 905 777 773 461 554 923 1106 485 0 759 619 303 349 529 525
0 821 602 1374 1571 1453 1439 550 516 525 1180 882 759 0 477 834 871 651 1073
0 907 840 1178 1491 1367 1360 366 316 367 827 686 619 477 0 615 651 889 840
0 649 582 695 1000 872 868 450 445 815 831 221 303 834 615 0 104 696 384
0 695 628 655 1043 915 911 473 481 851 772 200 349 871 651 104 0 860 401
0 345 221 996 1097 979 965 864 940 1094 1499 878 529 651 889 696 860 0 903
0 642 707 341 897 832 741 714 684 1035 976 469 525 1073 840 384 401 903 0
