GRUBHUB: grubhub-05-7
DIMENSION: 11
0 1402 1244 1564 1344 1455 958 673 805 1077 1376
0 0 395 192 319 635 958 976 886 666 449
0 395 0 344 400 877 870 907 817 524 532
0 192 344 0 154 816 1139 1157 1067 561 629
0 319 400 154 0 926 1162 1199 1109 448 740
0 635 877 816 926 0 609 821 970 1269 599
0 958 870 1139 1162 609 0 404 553 1296 728
0 976 907 1157 1199 821 404 0 302 1229 813
0 886 817 1067 1109 970 553 302 0 1081 781
0 666 524 561 448 1269 1296 1229 1081 0 1021
0 449 532 629 740 599 728 813 781 1021 0
