GRUBHUB: grubhub-03-2
DIMENSION: 7
0 739 406 353 753 1253 1100
0 0 582 702 419 672 519
0 582 0 344 701 1164 1048
0 702 344 0 474 973 820
0 419 701 474 0 835 626
0 672 1164 973 835 0 287
0 519 1048 820 626 287 0
