GRUBHUB: grubhub-14-7
DIMENSION: 29
0 571 824 718 642 390 431 933 819 933 880 664 591 972 975 752 880 534 229 871 1099 1191 1200 922 1037 374 554 675 431
0 0 886 603 575 783 286 658 573 658 605 657 418 698 531 671 605 151 566 596 824 1017 1060 813 1192 601 702 594 286
0 886 0 1069 1041 1086 701 1125 1040 1125 1071 407 663 1164 954 1138 1072 704 962 1062 1027 1292 1250 1279 1598 932 1139 1060 701
0 603 1069 0 204 945 670 453 388 453 413 1086 963 637 739 98 492 558 784 446 653 570 586 422 782 464 585 40 670
0 575 1041 204 0 880 584 628 526 628 588 1027 911 817 878 277 676 538 719 630 831 639 650 354 674 399 499 200 584
0 783 1086 945 880 0 608 1193 1079 1193 1139 925 604 1232 1227 1011 1140 785 389 1130 1358 1441 1537 1173 1288 633 829 934 608
0 286 701 670 584 608 0 667 583 667 614 570 454 707 709 687 614 268 390 605 833 1026 1069 828 1035 427 576 610 0
0 658 1125 453 628 1193 667 0 291 0 155 1089 967 343 553 374 259 604 1019 213 396 436 439 696 961 707 753 378 696
0 573 1040 388 526 1079 583 291 0 310 256 931 808 349 481 361 257 446 880 247 475 668 711 677 1047 560 605 365 538
0 658 1125 453 628 1193 667 0 310 0 155 1089 967 343 553 374 259 604 1019 213 396 436 439 696 961 707 753 378 696
0 605 1071 413 588 1139 614 155 256 155 0 973 850 403 523 403 224 488 903 177 528 591 634 765 1077 660 705 407 580
0 657 407 1086 1027 925 570 1089 931 1089 973 0 486 1107 915 1088 1015 621 818 1006 988 1253 1210 1229 1453 788 995 1010 557
0 418 663 963 911 604 454 967 808 967 850 486 0 971 783 945 879 461 506 870 1098 1290 1136 1053 1168 568 709 868 479
0 698 1164 637 817 1232 707 343 349 343 403 1107 971 0 304 610 181 595 1009 219 333 534 463 926 1190 809 854 614 687
0 531 954 739 878 1227 709 553 481 553 523 915 783 304 0 852 533 652 1102 528 540 820 749 1180 1184 1051 1096 856 822
0 671 1138 98 277 1011 687 374 361 374 403 1088 945 610 852 0 504 576 786 458 659 577 593 414 774 466 566 42 651
0 605 1072 492 676 1140 614 259 257 259 224 1015 879 181 533 504 0 540 954 38 315 546 511 794 1059 719 764 477 632
0 151 704 558 538 785 268 604 446 604 488 621 461 595 652 576 540 0 588 535 763 955 999 758 1118 599 708 539 319
0 566 962 784 719 389 390 1019 880 1019 903 818 506 1009 1102 786 954 588 0 867 1095 1163 1259 895 1010 422 551 723 378
0 596 1062 446 630 1130 605 213 247 213 177 1006 870 219 528 458 38 535 867 0 361 500 558 756 1021 681 726 438 594
0 824 1027 653 831 1358 833 396 475 396 528 988 1098 333 540 659 315 763 1095 361 0 535 464 945 878 1047 1093 636 925
0 1017 1292 570 639 1441 1026 436 668 436 591 1253 1290 534 820 577 546 955 1163 500 535 0 96 550 752 963 913 539 1040
0 1060 1250 586 650 1537 1069 439 711 439 634 1210 1136 463 749 593 511 999 1259 558 464 96 0 640 842 961 1003 536 1026
0 813 1279 422 354 1173 828 696 677 696 765 1229 1053 926 1180 414 794 758 895 756 945 550 640 0 467 541 475 394 738
0 1192 1598 782 674 1288 1035 961 1047 961 1077 1453 1168 1190 1184 774 1059 1118 1010 1021 878 752 842 467 0 876 745 743 1147
0 601 932 464 399 633 427 707 560 707 660 788 568 809 1051 466 719 599 422 681 1047 963 961 541 876 0 258 483 406
0 702 1139 585 499 829 576 753 605 753 705 995 709 854 1096 566 764 708 551 726 1093 913 1003 475 745 258 0 585 581
0 594 1060 40 200 934 610 378 365 378 407 1010 868 614 856 42 477 539 723 438 636 539 536 394 743 483 585 0 609
0 286 701 670 584 608 0 696 538 696 580 557 479 687 822 651 632 319 378 594 925 1040 1026 738 1147 406 581 609 0
