GRUBHUB: grubhub-04-0
DIMENSION: 9
0 1172 1288 735 430 378 1010 453 965
0 0 206 473 976 1510 1535 1028 822
0 206 0 566 1118 1651 1677 1066 872
0 473 566 0 610 1099 1169 947 677
0 976 1118 610 0 876 794 829 772
0 1510 1651 1099 876 0 1092 777 1263
0 1535 1677 1169 794 1092 0 1409 1335
0 1028 1066 947 829 777 1409 0 657
0 822 872 677 772 1263 1335 657 0
