GRUBHUB: grubhub-11-9
DIMENSION: 23
0 436 502 656 1045 519 614 572 1235 800 636 990 611 385 481 632 434 924 494 986 565 508 838
0 0 391 763 758 426 714 389 872 437 428 627 724 296 419 739 809 906 378 622 276 353 755
0 391 0 396 540 61 380 105 860 565 310 599 365 156 189 372 809 603 148 610 346 659 1038
0 763 396 0 715 462 183 448 924 855 619 659 228 477 387 16 655 357 438 670 689 1021 1354
0 758 540 715 0 509 602 488 507 292 464 311 592 605 638 602 1195 620 597 322 630 932 1084
0 426 61 462 509 0 467 192 947 652 397 686 452 133 147 459 810 690 106 697 434 636 1048
0 714 380 183 602 467 0 484 1011 917 681 746 290 402 315 161 671 448 366 757 707 951 1274
0 389 105 448 488 192 484 0 829 493 254 568 370 265 278 376 891 608 257 579 242 673 1018
0 872 860 924 507 947 1011 829 0 626 715 341 984 928 961 990 1593 999 920 352 848 1151 1048
0 437 565 855 292 652 917 493 626 0 274 410 760 570 664 767 1082 775 655 405 338 640 905
0 428 310 619 464 397 681 254 715 274 0 377 613 546 581 619 1105 628 540 375 469 773 1121
0 627 599 659 311 686 746 568 341 410 377 0 776 720 753 782 1333 791 712 4 589 891 1065
0 724 365 228 592 452 290 370 984 760 613 776 0 409 319 220 744 361 370 705 611 918 1266
0 296 156 477 605 133 402 265 928 570 546 720 409 0 109 412 675 672 105 841 474 542 947
0 419 189 387 638 147 315 278 961 664 581 753 319 109 0 316 659 562 44 762 472 652 1058
0 739 372 16 602 459 161 376 990 767 619 782 220 412 316 0 679 342 419 651 670 1002 1360
0 809 809 655 1195 810 671 891 1593 1082 1105 1333 744 675 659 679 0 896 695 1181 1007 950 1059
0 906 603 357 620 690 448 608 999 775 628 791 361 672 562 342 896 0 609 538 816 1119 1249
0 378 148 438 597 106 366 257 920 655 540 712 370 105 44 419 695 609 0 763 472 648 1060
0 622 610 670 322 697 757 579 352 405 375 4 705 841 762 651 1181 538 763 0 581 883 1070
0 276 346 689 630 434 707 242 848 338 469 589 611 474 472 670 1007 816 472 581 0 515 863
0 353 659 1021 932 636 951 673 1151 640 773 891 918 542 652 1002 950 1119 648 883 515 0 547
0 755 1038 1354 1084 1048 1274 1018 1048 905 1121 1065 1266 947 1058 1360 1059 1249 1060 1070 863 547 0
