GRUBHUB: grubhub-10-1
DIMENSION: 21
0 907 1012 940 1144 1100 972 752 977 809 849 557 1046 582 913 718 800 1479 1079 563 293
0 0 320 558 1122 704 651 437 230 928 744 1124 1526 609 142 393 781 764 365 942 814
0 320 0 396 955 450 548 465 306 1049 754 1425 1659 724 396 485 756 444 216 1057 929
0 558 396 0 558 146 156 187 480 657 375 1527 1874 687 527 363 413 579 545 722 923
0 1122 955 558 0 648 565 726 1042 669 482 1756 2245 1150 1056 876 431 1062 1110 806 1246
0 704 450 146 648 0 169 323 616 670 388 1684 1885 822 663 498 426 529 557 735 1098
0 651 548 156 565 169 0 225 540 501 219 1515 2004 724 554 375 257 637 647 566 929
0 437 465 187 726 323 225 0 479 604 354 1375 1859 500 458 176 392 767 585 643 736
0 230 306 480 1042 616 540 479 0 1031 723 1108 1466 734 156 490 761 676 199 1067 839
0 928 1049 657 669 670 501 604 1031 0 480 1314 1803 709 949 610 431 1112 1161 247 652
0 744 754 375 482 388 219 354 723 480 0 1407 1896 802 732 525 98 792 841 458 897
0 1124 1425 1527 1756 1684 1515 1375 1108 1314 1407 0 622 1021 1057 1226 1308 1669 1223 1071 735
0 1526 1659 1874 2245 1885 2004 1859 1466 1803 1896 622 0 1484 1432 1689 1771 1883 1490 1534 1197
0 609 724 687 1150 822 724 500 734 709 802 1021 1484 0 677 433 700 1130 891 474 370
0 142 396 527 1056 663 554 458 156 949 732 1057 1432 677 0 391 779 703 281 966 838
0 393 485 363 876 498 375 176 490 610 525 1226 1689 433 391 0 549 859 614 613 669
0 781 756 413 431 426 257 392 761 431 98 1308 1771 700 779 549 0 861 909 423 862
0 764 444 579 1062 529 637 767 676 1112 792 1669 1883 1130 703 859 861 0 532 1154 1251
0 365 216 545 1110 557 647 585 199 1161 841 1223 1490 891 281 614 909 532 0 1200 900
0 942 1057 722 806 735 566 643 1067 247 458 1071 1534 474 966 613 423 1154 1200 0 515
0 814 929 923 1246 1098 929 736 839 652 897 735 1197 370 838 669 862 1251 900 515 0
