GRUBHUB: grubhub-12-4
DIMENSION: 25
0 1032 1307 1000 1140 932 1170 494 626 1042 1204 1624 1470 843 687 796 992 949 1493 529 788 781 832 1240 1251
0 0 319 316 159 554 638 871 788 384 253 756 647 1350 997 693 596 1186 1516 910 1315 1287 1554 715 865
0 319 0 643 486 881 795 1197 1115 706 344 502 410 1593 1324 831 773 1236 1374 1237 1558 1531 1732 638 645
0 316 643 0 289 317 600 555 472 191 636 1133 978 1127 799 402 515 900 1516 595 1072 1065 1430 955 1065
0 159 486 289 0 395 479 711 628 225 451 944 790 1224 872 534 614 1027 1511 751 1228 1162 1658 752 934
0 554 881 317 395 0 544 563 438 212 656 1177 1023 1093 765 346 459 866 1482 561 1038 1031 1527 921 1031
0 638 795 600 479 544 0 832 741 395 662 1089 935 1396 1068 468 321 1169 1785 864 1341 1334 1481 1068 1047
0 871 1197 555 711 563 832 0 365 640 1071 1498 1344 976 795 462 686 896 1511 351 957 950 1018 950 1044
0 788 1115 472 628 438 741 365 0 659 1038 1465 1311 876 552 708 831 653 1269 343 821 814 1310 784 799
0 384 706 191 225 212 395 640 659 0 445 954 802 1258 906 530 580 1063 1545 787 1223 1196 1692 831 968
0 253 344 636 451 656 662 1071 1038 445 0 558 449 1629 1240 786 679 1364 1604 1096 1574 1567 1638 868 875
0 756 502 1133 944 1177 1089 1498 1465 954 558 0 172 2019 1689 1177 1070 1635 1484 1487 1964 1957 2028 1051 1058
0 647 410 978 790 1023 935 1344 1311 802 449 172 0 1861 1531 1018 911 1632 1433 1328 1805 1799 1870 969 976
0 1350 1593 1127 1224 1093 1396 976 876 1258 1629 2019 1861 0 501 1200 1360 624 1021 661 286 48 428 1169 1072
0 997 1324 799 872 765 1068 795 552 906 1240 1689 1531 501 0 1086 1223 295 839 565 382 354 850 712 616
0 693 831 402 534 346 468 462 708 530 786 1177 1018 1200 1086 0 269 1159 1775 674 1254 1247 1396 1190 1142
0 596 773 515 614 459 321 686 831 580 679 1070 911 1360 1223 269 0 1236 1670 864 1187 1180 1231 934 941
0 1186 1236 900 1027 866 1169 896 653 1063 1364 1635 1632 624 295 1159 1236 0 692 670 562 534 1007 726 629
0 1516 1374 1516 1511 1482 1785 1511 1269 1545 1604 1484 1433 1021 839 1775 1670 692 0 1285 857 1015 1249 973 858
0 910 1237 595 751 561 864 351 343 787 1096 1487 1328 661 565 674 864 670 1285 0 704 697 1118 882 896
0 1315 1558 1072 1228 1038 1341 957 821 1223 1574 1964 1805 286 382 1254 1187 562 857 704 0 312 554 1151 1054
0 1287 1531 1065 1162 1031 1334 950 814 1196 1567 1957 1799 48 354 1247 1180 534 1015 697 312 0 496 1131 1034
0 1554 1732 1430 1658 1527 1481 1018 1310 1692 1638 2028 1870 428 850 1396 1231 1007 1249 1118 554 496 0 1668 1571
0 715 638 955 752 921 1068 950 784 831 868 1051 969 1169 712 1190 934 726 973 882 1151 1131 1668 0 284
0 865 645 1065 934 1031 1047 1044 799 968 875 1058 976 1072 616 1142 941 629 858 896 1054 1034 1571 284 0
