GRUBHUB: grubhub-13-8
DIMENSION: 27
0 949 1015 402 903 690 1157 274 42 690 388 965 1022 1075 1046 368 595 529 779 706 1012 748 798 887 1096 1142 1373
0 0 287 1125 1838 624 743 1169 975 624 822 1200 1311 152 712 1264 839 1362 1759 970 1327 1086 539 48 334 187 419
0 287 0 1062 1721 635 954 1053 912 635 760 1078 1226 205 588 1148 723 1273 1643 884 1172 1000 418 308 523 352 530
0 1125 1062 0 836 870 1423 596 368 870 488 669 665 1192 1055 588 928 333 766 578 806 361 807 1005 1209 1259 1491
0 1838 1721 836 0 1359 1826 748 838 1359 1217 954 948 1796 1469 674 1263 503 314 1120 886 829 1455 1653 1765 1908 1807
0 624 635 870 1359 0 625 726 621 0 568 1151 1239 726 890 821 258 1107 1316 892 1457 969 679 534 534 789 1021
0 743 954 1423 1826 625 0 1209 1114 601 1078 1661 1749 866 1339 1304 760 1600 1799 1402 1788 1479 1085 779 672 715 855
0 1169 1053 596 748 726 1209 0 232 696 610 1029 1023 1135 1233 175 635 698 727 908 961 942 985 993 1136 1247 1479
0 975 912 368 838 621 1114 232 0 655 378 955 1044 1083 1069 327 559 530 780 697 1025 747 820 895 1061 1150 1382
0 624 635 870 1359 0 601 696 655 0 568 1151 1239 726 890 821 258 1107 1316 892 1457 969 679 534 534 789 1021
0 822 760 488 1217 568 1078 610 378 568 0 674 762 867 754 735 649 909 1186 415 980 492 505 679 883 934 1166
0 1200 1078 669 954 1151 1661 1029 955 1151 674 0 326 1183 1001 1061 1318 580 951 360 406 395 753 1247 1430 1331 1349
0 1311 1226 665 948 1239 1749 1023 1044 1239 762 326 0 1356 1084 941 1281 366 863 541 551 353 937 1312 1495 1503 1423
0 152 205 1192 1796 726 866 1135 1083 726 867 1183 1356 0 607 1294 869 1297 1789 984 1278 1100 518 178 464 147 392
0 712 588 1055 1469 890 1339 1233 1069 890 754 1001 1084 607 0 1049 857 1131 1476 546 1033 691 140 672 891 718 889
0 1264 1148 588 674 821 1304 175 327 821 735 1061 941 1294 1049 0 750 684 630 918 936 959 1099 1128 1251 1382 1614
0 839 723 928 1263 258 760 635 559 258 649 1318 1281 869 857 750 0 1034 1237 1073 1471 1150 782 665 646 919 1126
0 1362 1273 333 503 1107 1600 698 530 1107 909 580 366 1297 1131 684 1034 0 461 664 527 373 999 1281 1507 1535 1449
0 1759 1643 766 314 1316 1799 727 780 1316 1186 951 863 1789 1476 630 1237 461 0 1063 788 772 1398 1555 1666 1810 1709
0 970 884 578 1120 892 1402 908 697 892 415 360 541 984 546 918 1073 664 1063 0 586 267 651 1100 1283 1228 1268
0 1327 1172 806 886 1457 1788 961 1025 1457 980 406 551 1278 1033 936 1471 527 788 586 0 520 960 1162 1345 1240 1167
0 1086 1000 361 829 969 1479 942 747 969 492 395 353 1100 691 959 1150 373 772 267 520 0 663 1039 1221 1229 1354
0 539 418 807 1455 679 1085 985 820 679 505 753 937 518 140 1099 782 999 1398 651 960 663 0 574 793 562 749
0 48 308 1005 1653 534 779 993 895 534 679 1247 1312 178 672 1128 665 1281 1555 1100 1162 1039 574 0 287 254 486
0 334 523 1209 1765 534 672 1136 1061 534 883 1430 1495 464 891 1251 646 1507 1666 1283 1345 1221 793 287 0 702 842
0 187 352 1259 1908 789 715 1247 1150 789 934 1331 1503 147 718 1382 919 1535 1810 1228 1240 1229 562 254 702 0 308
0 419 530 1491 1807 1021 855 1479 1382 1021 1166 1349 1423 392 889 1614 1126 1449 1709 1268 1167 1354 749 486 842 308 0
