GRUBHUB: grubhub-14-6
DIMENSION: 29
0 1301 1140 1311 783 1187 1148 953 1135 1301 1102 666 1480 1183 1373 676 987 1066 1220 676 589 1362 1348 1301 1097 676 1062 571 177
0 0 879 619 1081 237 457 1277 1480 0 634 927 870 631 857 1032 1331 483 277 1032 1372 801 1262 0 457 1032 489 947 974
0 879 0 363 645 805 684 762 986 821 342 674 528 961 1159 740 837 480 932 740 1198 513 491 821 681 740 598 701 1000
0 619 363 0 888 521 435 1005 1229 508 405 832 250 596 793 937 1080 337 666 937 1354 284 742 508 316 937 359 852 1087
0 1081 645 888 0 948 884 344 607 1068 690 429 1072 1288 1486 157 458 802 1074 157 554 1018 718 1068 1030 157 798 456 514
0 237 805 521 948 0 190 1039 1242 369 397 690 669 648 843 795 1094 246 388 795 1174 563 1025 369 386 795 251 710 874
0 457 684 435 884 190 0 1121 1324 322 519 589 755 700 926 769 1175 359 329 769 1068 755 1149 322 527 769 365 671 748
0 1277 762 1005 344 1039 1121 0 509 1226 888 660 1270 1446 1644 422 258 960 1232 422 567 1279 979 1226 1188 422 956 687 644
0 1480 986 1229 607 1242 1324 509 0 1468 1039 902 1377 1688 1886 741 404 1208 1475 741 967 1244 944 1468 1430 741 1198 929 886
0 0 821 508 1068 369 322 1226 1468 0 634 927 870 631 857 1032 1331 483 277 1032 1372 801 1262 0 457 1032 489 947 974
0 634 342 405 690 397 519 888 1039 634 0 610 503 729 927 715 1014 175 612 715 1132 509 896 507 455 715 297 630 865
0 927 674 832 429 690 589 660 902 927 610 0 1011 1083 1281 348 769 596 878 348 699 1017 916 862 824 348 592 113 547
0 870 528 250 1072 669 755 1270 1377 870 503 1011 0 862 1060 1033 1178 416 852 1033 1450 190 578 751 582 1033 559 948 1182
0 631 961 596 1288 648 700 1446 1688 631 729 1083 862 0 267 1321 1620 679 482 1321 1272 783 1103 535 383 1321 661 1134 942
0 857 1159 793 1486 843 926 1644 1886 857 927 1281 1060 267 0 1308 1618 847 693 1308 1478 926 1380 746 537 1308 815 1185 1072
0 1032 740 937 157 795 769 422 741 1032 715 348 1033 1321 1308 0 574 760 1033 0 519 1134 834 1026 988 0 757 375 365
0 1331 837 1080 458 1094 1175 258 404 1331 1014 769 1178 1620 1618 574 0 990 1263 530 728 1310 1010 1256 1218 530 986 717 674
0 483 480 337 802 246 359 960 1208 483 175 596 416 679 847 760 990 0 546 727 1144 500 888 390 361 727 198 642 877
0 277 932 666 1074 388 329 1232 1475 277 612 878 852 482 693 1033 1263 546 0 1012 1215 642 1185 187 240 1012 468 923 803
0 1032 740 937 157 795 769 422 741 1032 715 348 1033 1321 1308 0 530 727 1012 0 519 1134 834 1026 988 0 757 375 365
0 1372 1198 1354 554 1174 1068 567 967 1372 1132 699 1450 1272 1478 519 728 1144 1215 519 0 1404 1252 1242 1139 480 1105 510 396
0 801 513 284 1018 563 755 1279 1244 801 509 1017 190 783 926 1134 1310 500 642 1134 1404 0 636 630 458 1173 621 1088 1139
0 1262 491 742 718 1025 1149 979 944 1262 896 916 578 1103 1380 834 1010 888 1185 834 1252 636 0 1049 892 864 1002 916 1119
0 0 821 508 1068 369 322 1226 1468 0 507 862 751 535 746 1026 1256 390 187 1026 1242 630 1049 0 457 1032 489 947 974
0 457 681 316 1030 386 527 1188 1430 457 455 824 582 383 537 988 1218 361 240 988 1139 458 892 457 0 1058 398 973 1009
0 1032 740 937 157 795 769 422 741 1032 715 348 1033 1321 1308 0 530 727 1012 0 480 1173 864 1032 1058 0 757 375 365
0 489 598 359 798 251 365 956 1198 489 297 592 559 661 815 757 986 198 468 757 1105 621 1002 489 398 757 0 638 872
0 947 701 852 456 710 671 687 929 947 630 113 948 1134 1185 375 717 642 923 375 510 1088 916 947 973 375 638 0 459
0 974 1000 1087 514 874 748 644 886 974 865 547 1182 942 1072 365 674 877 803 365 396 1139 1119 974 1009 365 872 459 0
