GRUBHUB: grubhub-03-5
DIMENSION: 7
0 801 959 878 1148 1434 2080
0 0 580 526 854 1694 2340
0 580 0 287 721 1667 2122
0 526 287 0 595 1648 2162
0 854 721 595 0 1855 2369
0 1694 1667 1648 1855 0 875
0 2340 2122 2162 2369 875 0
