GRUBHUB: grubhub-13-2
DIMENSION: 27
0 411 655 933 547 699 857 916 800 1017 1432 1075 884 757 1035 933 717 591 392 737 514 711 586 536 739 1018 774
0 0 585 993 496 1080 1248 1122 1055 1182 1553 1455 1264 811 617 993 695 432 278 773 769 1098 967 431 401 967 516
0 585 0 718 181 1065 1029 892 897 952 1323 1329 1249 380 592 718 346 218 780 365 611 896 952 246 366 507 312
0 993 718 0 709 972 771 555 649 615 829 921 1062 687 1060 0 428 867 1138 558 467 764 779 775 1044 729 990
0 496 181 709 0 1069 1024 870 891 930 1301 1307 1253 383 721 722 349 278 815 384 606 890 916 66 477 632 441
0 1080 1065 972 1069 0 389 604 501 779 870 544 243 1334 1640 953 1014 1176 1126 1205 854 381 320 1080 1395 1446 1360
0 1248 1029 771 1024 389 0 330 263 516 924 472 357 1096 1466 715 776 1003 1222 967 616 198 313 981 1221 1207 1186
0 1122 892 555 870 604 330 0 210 206 704 522 586 910 1424 530 591 961 1113 782 522 426 543 862 1180 1022 1144
0 1055 897 649 891 501 263 210 0 308 717 536 542 923 1408 542 603 984 1143 794 535 360 498 875 1203 1035 1168
0 1182 952 615 930 779 516 206 308 0 580 492 753 958 1318 577 638 1019 1196 829 605 550 709 909 1238 987 1202
0 1553 1323 829 1301 870 924 704 717 580 0 499 1025 1205 1275 782 947 1289 1575 915 984 852 981 1297 1566 943 1515
0 1455 1329 921 1307 544 472 522 536 492 499 0 516 1319 1488 938 999 1287 1399 1191 921 549 599 1271 1506 1157 1470
0 1264 1249 1062 1253 243 357 586 542 753 1025 516 0 1164 1502 989 1003 1039 988 1164 731 302 241 942 1258 1425 1222
0 811 380 687 383 1334 1096 910 923 958 1205 1319 1164 0 610 717 530 581 1114 344 799 1083 1139 541 720 468 565
0 617 592 1060 721 1640 1466 1424 1408 1318 1275 1488 1502 610 0 1010 851 442 799 766 1100 1385 1411 696 424 550 269
0 993 718 0 722 953 715 530 542 577 782 938 989 717 1010 0 428 867 1138 558 467 764 779 775 1044 729 990
0 695 346 428 349 1014 776 591 603 638 947 999 1003 530 851 428 0 533 951 287 424 760 802 412 681 624 627
0 432 218 867 278 1176 1003 961 984 1019 1289 1287 1039 581 442 867 533 0 611 549 655 939 966 264 219 647 183
0 278 780 1138 815 1126 1222 1113 1143 1196 1575 1399 988 1114 799 1138 951 611 0 962 737 1067 929 621 590 1138 706
0 773 365 558 384 1205 967 782 794 829 915 1191 1164 344 766 558 287 549 962 0 708 970 1011 469 768 471 665
0 769 611 467 606 854 616 522 535 605 984 921 731 799 1100 467 424 655 737 708 0 383 425 610 850 938 814
0 1098 896 764 890 381 198 426 360 550 852 549 302 1083 1385 764 760 939 1067 970 383 0 198 857 1097 1224 1061
0 967 952 779 916 320 313 543 498 709 981 599 241 1139 1411 779 802 966 929 1011 425 198 0 887 1191 1313 1155
0 431 246 775 66 1080 981 862 875 909 1297 1271 942 541 696 775 412 264 621 469 610 857 887 0 524 696 488
0 401 366 1044 477 1395 1221 1180 1203 1238 1566 1506 1258 720 424 1044 681 219 590 768 850 1097 1191 524 0 735 153
0 967 507 729 632 1446 1207 1022 1035 987 943 1157 1425 468 550 729 624 647 1138 471 938 1224 1313 696 735 0 622
0 516 312 990 441 1360 1186 1144 1168 1202 1515 1470 1222 565 269 990 627 183 706 665 814 1061 1155 488 153 622 0
