GRUBHUB: grubhub-11-5
DIMENSION: 23
0 1397 1015 626 558 1287 1698 1396 1678 589 976 995 1152 1025 1348 1066 828 1116 1758 1481 955 1616 1561
0 0 640 886 1201 126 727 202 917 960 1105 802 1250 730 526 537 693 995 1060 550 637 763 864
0 640 0 494 946 616 1092 675 1148 748 920 794 1316 824 786 302 486 1132 1331 837 257 1029 1134
0 886 494 0 453 995 1250 948 1114 254 551 446 906 476 900 568 658 790 1274 1033 391 1168 1085
0 1201 946 453 0 1191 1648 1346 1378 349 447 716 642 874 1298 966 732 607 1238 1431 790 1403 1261
0 126 616 995 1191 0 779 146 909 1082 1094 791 1239 719 471 572 804 984 1049 536 626 765 853
0 727 1092 1250 1648 779 0 604 516 1268 1270 953 1077 854 390 912 1250 1081 862 233 933 297 666
0 202 675 948 1346 146 604 0 763 1101 1105 803 1278 730 324 587 834 996 985 389 638 618 789
0 917 1148 1114 1378 909 516 763 0 1244 1052 793 860 694 501 952 1307 863 544 416 978 288 295
0 960 748 254 349 1082 1268 1101 1244 0 387 542 775 572 996 664 527 661 1146 1129 488 1264 1157
0 1105 920 551 447 1094 1270 1105 1052 387 0 406 726 546 1051 721 706 459 961 1185 714 1115 972
0 802 794 446 716 791 953 803 793 542 406 0 757 170 783 586 1140 397 870 857 580 857 746
0 1250 1316 906 642 1239 1077 1278 860 775 726 757 0 771 1130 1218 1020 473 813 1045 1212 973 857
0 730 824 476 874 719 854 730 694 572 546 170 771 0 651 619 1184 482 810 725 620 725 614
0 526 786 900 1298 471 390 324 501 996 1051 783 1130 651 0 568 1133 952 821 201 588 404 625
0 537 302 568 966 572 912 587 952 664 721 586 1218 619 568 0 586 949 1134 792 142 990 937
0 693 486 658 732 804 1250 834 1307 527 706 1140 1020 1184 1133 586 0 942 1483 906 435 1052 1287
0 995 1132 790 607 984 1081 996 863 661 459 397 473 482 952 949 942 0 693 969 901 896 752
0 1060 1331 1274 1238 1049 862 985 544 1146 961 870 813 810 821 1134 1483 693 0 739 1118 667 311
0 550 837 1033 1431 536 233 389 416 1129 1185 857 1045 725 201 792 906 969 739 0 743 343 570
0 637 257 391 790 626 933 638 978 488 714 580 1212 620 588 142 435 901 1118 743 0 1087 1034
0 763 1029 1168 1403 765 297 618 288 1264 1115 857 973 725 404 990 1052 896 667 343 1087 0 474
0 864 1134 1085 1261 853 666 789 295 1157 972 746 857 614 625 937 1287 752 311 570 1034 474 0
