GRUBHUB: grubhub-04-4
DIMENSION: 9
0 1616 929 859 1568 1281 1262 897 1476
0 0 887 921 148 630 822 1166 702
0 887 0 355 780 858 779 662 640
0 921 355 0 761 1159 1080 462 683
0 148 780 761 0 693 761 1120 721
0 630 858 1159 693 0 478 1435 1168
0 822 779 1080 761 478 0 1237 1044
0 1166 662 462 1120 1435 1237 0 641
0 702 640 683 721 1168 1044 641 0
