GRUBHUB: grubhub-06-7
DIMENSION: 13
0 1158 1313 1370 1148 795 1177 914 1609 1404 1434 650 742
0 0 440 1049 974 578 819 859 795 1233 1415 1339 1120
0 440 0 709 634 760 480 769 486 894 1075 1521 1435
0 1049 709 0 402 1147 373 621 537 177 359 1436 1723
0 974 634 402 0 968 176 375 752 408 603 1111 1475
0 578 760 1147 968 0 897 699 1073 1241 1422 759 755
0 819 480 373 176 897 0 380 657 471 666 1453 1480
0 859 769 621 375 699 380 0 934 774 951 1176 1204
0 795 486 537 752 1073 657 934 0 817 905 1684 1711
0 1233 894 177 408 1241 471 774 817 0 251 1502 1852
0 1415 1075 359 603 1422 666 951 905 251 0 1550 1984
0 1339 1521 1436 1111 759 1453 1176 1684 1502 1550 0 481
0 1120 1435 1723 1475 755 1480 1204 1711 1852 1984 481 0
