GRUBHUB: grubhub-14-0
DIMENSION: 29
0 741 871 734 585 863 1047 891 1140 1363 1079 441 1082 891 930 407 508 915 476 977 553 1033 1014 814 620 947 536 915 887
0 0 327 93 194 681 874 988 1531 953 747 328 550 988 1148 767 803 1012 742 546 192 1006 988 577 488 1053 905 1012 698
0 327 0 394 469 513 724 1141 1444 706 534 611 395 1141 1282 955 991 1165 931 500 480 1140 1121 677 676 1206 818 1165 886
0 93 394 0 165 669 852 966 1614 1000 795 306 598 966 1126 745 781 990 720 594 170 984 966 612 466 1031 953 990 676
0 194 469 165 0 613 797 911 1508 1032 748 185 715 911 1071 690 726 935 666 646 71 929 910 565 410 976 965 935 621
0 681 513 669 613 0 333 658 1428 820 924 564 801 658 818 758 651 682 630 822 608 676 657 164 321 722 1183 682 378
0 874 724 852 797 333 0 856 1562 850 1017 845 875 856 997 1040 933 880 912 980 889 855 836 446 603 921 1465 880 691
0 988 1141 966 911 658 856 0 802 1514 1584 845 1430 0 191 790 581 16 677 1482 968 261 244 758 694 56 985 16 438
0 1531 1444 1614 1508 1428 1562 802 0 1870 1586 1290 1660 742 665 792 1043 714 1077 1484 1390 775 733 1428 1290 691 1025 714 1034
0 953 706 1000 1032 820 850 1514 1870 0 520 1059 471 1563 1704 1482 1518 1587 1458 533 977 1562 1544 1061 1209 1628 1371 1587 1275
0 747 534 795 748 924 1017 1584 1586 520 0 677 583 1350 1510 1122 1158 1374 1098 430 594 1368 1349 815 849 1415 921 1374 1060
0 328 611 306 185 564 845 845 1290 1059 677 0 790 852 963 505 541 876 480 672 161 883 865 597 351 916 791 876 654
0 550 395 598 715 801 875 1430 1660 471 583 790 0 1412 1553 1218 1254 1436 1194 105 651 1411 1392 949 939 1477 1071 1436 1149
0 988 1141 966 911 658 856 0 742 1563 1350 852 1412 0 191 790 581 16 677 1482 968 261 244 758 694 56 985 16 438
0 1148 1282 1126 1071 818 997 191 665 1704 1510 963 1553 191 0 634 414 199 531 1345 828 341 323 785 674 239 971 199 423
0 767 955 745 690 758 1040 790 792 1482 1122 505 1218 790 634 0 429 794 304 1032 598 955 936 669 498 826 777 794 742
0 803 991 781 726 651 933 581 1043 1518 1158 541 1254 581 414 429 0 520 296 1197 680 638 619 640 530 552 898 520 552
0 1012 1165 990 935 682 880 16 714 1587 1374 876 1436 16 199 794 520 0 697 1501 987 236 219 777 713 32 1005 0 457
0 742 931 720 666 630 912 677 1077 1458 1098 480 1194 677 531 304 296 697 0 1125 608 762 743 688 508 676 770 644 676
0 546 500 594 646 822 980 1482 1484 533 430 672 105 1482 1345 1032 1197 1501 1125 0 661 1451 1432 1008 932 1497 966 1457 1142
0 192 480 170 71 608 889 968 1390 977 594 161 651 968 828 598 680 987 608 661 0 981 963 625 393 1028 930 987 673
0 1006 1140 984 929 676 855 261 775 1562 1368 883 1411 261 341 955 638 236 762 1451 981 0 103 727 684 57 1074 57 407
0 988 1121 966 910 657 836 244 733 1544 1349 865 1392 244 323 936 619 219 743 1432 963 103 0 706 663 159 1099 171 386
0 577 677 612 565 164 446 758 1428 1061 815 597 949 758 785 669 640 777 688 1008 625 727 706 0 302 725 1164 684 380
0 488 676 466 410 321 603 694 1290 1209 849 351 939 694 674 498 530 713 508 932 393 684 663 302 0 725 958 684 370
0 1053 1206 1031 976 722 921 56 691 1628 1415 916 1477 56 239 826 552 32 676 1497 1028 57 159 725 725 0 1044 27 472
0 905 818 953 965 1183 1465 985 1025 1371 921 791 1071 985 971 777 898 1005 770 966 930 1074 1099 1164 958 1044 0 1091 1131
0 1012 1165 990 935 682 880 16 714 1587 1374 876 1436 16 199 794 520 0 644 1457 987 57 171 684 684 27 1091 0 457
0 698 886 676 621 378 691 438 1034 1275 1060 654 1149 438 423 742 552 457 676 1142 673 407 386 380 370 472 1131 457 0
