GRUBHUB: grubhub-04-2
DIMENSION: 9
0 465 553 609 658 465 560 1213 1066
0 0 363 670 888 0 525 1339 1245
0 363 0 638 818 356 450 1595 1501
0 670 638 0 306 735 240 1552 1256
0 888 818 306 0 847 396 1571 1276
0 0 356 735 847 0 525 1339 1245
0 525 450 240 396 525 0 1592 1297
0 1339 1595 1552 1571 1339 1592 0 571
0 1245 1501 1256 1276 1245 1297 571 0
