GRUBHUB: grubhub-10-9
DIMENSION: 21
0 874 908 480 287 868 527 882 1050 272 313 428 754 540 970 242 64 452 554 885 1001
0 0 755 447 749 1266 934 898 896 997 1123 458 357 443 518 1024 896 618 634 261 391
0 755 0 837 718 865 641 1589 1588 864 1088 745 927 884 599 891 991 646 621 741 1007
0 447 837 0 363 905 637 913 1055 590 762 92 311 77 613 617 513 188 319 454 740
0 749 718 363 0 832 451 1010 1179 257 448 285 647 454 821 284 261 250 352 719 1028
0 1266 865 905 832 0 409 1619 1787 720 867 852 1215 1011 1141 747 874 747 843 1293 1550
0 934 641 637 451 409 0 1314 1483 426 650 498 860 657 732 453 533 392 489 883 1141
0 898 1589 913 1010 1619 1314 0 260 1139 971 921 852 825 1158 1173 994 1017 1148 1124 1069
0 896 1588 1055 1179 1787 1483 260 0 1301 1220 1040 972 945 1256 1335 1157 1137 1268 1158 989
0 997 864 590 257 720 426 1139 1301 0 259 499 861 668 1041 27 292 434 573 934 1200
0 1123 1088 762 448 867 650 971 1220 259 0 528 890 697 1069 249 274 569 671 963 1229
0 458 745 92 285 852 498 921 1040 499 528 0 358 228 537 564 539 129 260 430 739
0 357 927 311 647 1215 860 852 972 861 890 358 0 282 683 796 618 474 572 439 555
0 443 884 77 454 1011 657 825 945 668 697 228 282 0 645 658 554 229 360 482 768
0 518 599 613 821 1141 732 1158 1256 1041 1069 537 683 645 0 1017 1007 588 604 349 531
0 1024 891 617 284 747 453 1173 1335 27 249 564 796 658 1017 0 260 458 596 937 1203
0 896 991 513 261 874 533 994 1157 292 274 539 618 554 1007 260 0 406 508 800 1066
0 618 646 188 250 747 392 1017 1137 434 569 129 474 229 588 458 406 0 188 540 870
0 634 621 319 352 843 489 1148 1268 573 671 260 572 360 604 596 508 188 0 654 935
0 261 741 454 719 1293 883 1124 1158 934 963 430 439 482 349 937 800 540 654 0 391
0 391 1007 740 1028 1550 1141 1069 989 1200 1229 739 555 768 531 1203 1066 870 935 391 0
