GRUBHUB: grubhub-15-2
DIMENSION: 31
0 995 637 1181 1215 1175 1336 1131 1191 903 1131 1094 1144 1413 1000 1505 1790 903 669 1684 1392 581 1079 1496 1289 979 1202 1197 1127 1175 1734
0 0 526 195 228 639 676 146 439 1169 858 888 811 618 730 1230 1307 1169 824 1273 1085 624 240 1085 1292 766 785 661 523 639 1323
0 526 0 774 817 798 1043 722 915 798 753 855 766 1117 622 1204 1413 798 453 1307 1014 241 719 1118 1089 662 824 820 828 798 1357
0 195 774 0 122 649 636 133 522 1218 913 991 856 506 810 1275 1298 1218 873 1319 1130 800 119 1130 1395 869 830 671 533 649 1368
0 228 817 122 0 706 527 154 422 1268 971 1041 914 419 860 1333 1239 1268 923 1376 1188 850 177 1188 1445 919 888 728 590 706 1426
0 639 798 649 706 0 647 702 1047 857 370 591 313 773 375 732 775 857 852 775 587 729 558 587 913 398 287 22 245 0 825
0 676 1043 636 527 647 0 560 587 1298 812 1033 775 286 720 1113 935 1298 1058 1130 1028 986 610 1029 1355 840 729 566 505 544 1180
0 146 722 133 154 702 560 0 424 1246 936 1008 879 518 848 1297 1320 1246 901 1341 1152 743 141 1153 1412 886 852 693 555 671 1391
0 439 915 522 422 1047 587 424 0 1605 1295 1324 1238 602 1166 1540 1362 1605 1260 1557 1512 981 525 1512 1728 1202 1212 1076 938 1054 1607
0 1169 798 1218 1268 857 1298 1246 1605 0 666 433 721 1379 784 824 1022 0 448 1090 766 696 1045 925 608 467 711 890 990 868 1002
0 858 753 913 971 370 812 936 1295 666 0 347 81 850 364 596 707 692 695 640 444 572 783 451 741 264 119 369 475 347 689
0 888 855 991 1041 591 1033 1008 1324 433 347 0 389 1162 449 586 978 482 542 799 475 612 863 644 509 153 401 576 655 554 848
0 811 766 856 914 313 775 879 1238 721 81 389 0 808 389 558 705 754 719 602 413 596 720 414 740 288 113 296 412 274 652
0 618 1117 506 419 773 286 518 602 1379 850 1162 808 0 983 1200 1018 1451 1122 1213 1177 1049 444 1177 1389 992 887 752 736 777 1263
0 730 622 810 860 375 720 848 1166 784 364 449 389 983 0 712 920 627 571 814 521 448 688 625 766 169 331 337 393 315 864
0 1230 1204 1275 1333 732 1113 1297 1540 824 596 586 558 1200 712 0 617 778 924 370 317 925 1154 258 360 570 481 731 846 709 419
0 1307 1413 1298 1239 775 935 1320 1362 1022 707 978 705 1018 920 617 0 1160 1319 317 644 1196 1130 535 832 887 641 711 825 689 367
0 1169 798 1218 1268 857 1298 1246 1605 0 692 482 754 1451 627 778 1160 0 448 1090 766 696 1045 925 608 467 711 890 990 868 1002
0 824 453 873 923 852 1058 901 1260 448 695 542 719 1122 571 924 1319 448 0 1254 934 362 709 1066 776 466 771 767 775 745 1304
0 1273 1307 1319 1376 775 1130 1341 1557 1090 640 799 602 1213 814 370 317 1090 1254 0 560 1112 1230 451 771 804 558 807 922 785 213
0 1085 1014 1130 1188 587 1028 1152 1512 766 444 475 413 1177 521 317 644 766 934 560 0 919 1028 179 353 567 355 604 720 582 374
0 624 241 800 850 729 986 743 981 696 572 612 596 1049 448 925 1196 696 362 1112 919 0 636 969 1017 512 674 670 678 648 1207
0 240 719 119 177 558 610 141 525 1045 783 863 720 444 688 1154 1130 1045 709 1230 1028 636 0 1011 1244 718 711 552 413 530 1249
0 1085 1118 1130 1188 587 1029 1153 1512 925 451 644 414 1177 625 258 535 925 1066 451 179 969 1011 0 527 616 369 619 734 597 414
0 1292 1089 1395 1445 913 1355 1412 1728 608 741 509 740 1389 766 360 832 608 776 771 353 1017 1244 527 0 544 594 843 959 821 645
0 766 662 869 919 398 840 886 1202 467 264 153 288 992 169 570 887 467 466 804 567 512 718 616 544 0 395 423 523 401 907
0 785 824 830 888 287 729 852 1212 711 119 401 113 887 331 481 641 711 771 558 355 674 711 369 594 395 0 291 407 269 614
0 661 820 671 728 22 566 693 1076 890 369 576 296 752 337 731 711 890 767 807 604 670 552 619 843 423 291 0 247 25 850
0 523 828 533 590 245 505 555 938 990 475 655 412 736 393 846 825 990 775 922 720 678 413 734 959 523 407 247 0 228 948
0 639 798 649 706 0 544 671 1054 868 347 554 274 777 315 709 689 868 745 785 582 648 530 597 821 401 269 25 228 0 825
0 1323 1357 1368 1426 825 1180 1391 1607 1002 689 848 652 1263 864 419 367 1002 1304 213 374 1207 1249 414 645 907 614 850 948 825 0
