GRUBHUB: grubhub-06-0
DIMENSION: 13
0 582 455 547 730 406 760 984 859 819 928 620 634
0 0 655 134 674 813 1149 1155 1093 1208 1313 1009 1023
0 655 0 646 310 697 1106 1276 1171 1165 1219 948 980
0 134 646 0 671 724 1059 1159 1097 1118 1237 919 933
0 674 310 671 0 888 1298 1467 1362 1356 1410 1139 1171
0 813 697 724 888 0 541 688 627 643 643 389 509
0 1149 1106 1059 1298 541 0 405 873 175 380 156 398
0 1155 1276 1159 1467 688 405 0 494 599 148 567 807
0 1093 1171 1097 1362 627 873 494 0 868 571 815 943
0 1208 1165 1118 1356 643 175 599 868 0 591 185 367
0 1313 1219 1237 1410 643 380 148 571 591 0 446 701
0 1009 948 919 1139 389 156 567 815 185 446 0 298
0 1023 980 933 1171 509 398 807 943 367 701 298 0
