GRUBHUB: grubhub-10-6
DIMENSION: 21
0 682 621 807 572 649 685 649 854 878 744 859 355 622 624 645 802 718 850 536 623
0 0 744 661 959 772 976 772 1115 771 1005 1216 948 745 748 489 186 78 205 600 361
0 744 0 457 446 314 378 314 611 543 500 829 896 287 289 810 824 741 800 199 748
0 661 457 0 663 308 561 308 694 321 583 1062 1031 189 188 806 821 764 768 363 744
0 959 446 663 0 356 125 356 446 300 336 492 873 380 382 937 996 929 1034 445 916
0 772 314 308 356 0 277 0 569 229 459 823 1021 116 119 871 886 803 868 206 809
0 976 378 561 125 277 0 244 387 340 277 581 956 347 349 1020 1085 1002 1066 441 999
0 772 314 308 356 0 244 0 569 229 459 823 1021 116 119 871 886 803 868 206 809
0 1115 611 694 446 569 387 569 0 504 149 864 1223 606 608 1228 1243 1160 1218 620 1166
0 771 543 321 300 229 340 229 504 0 436 787 1096 282 281 871 886 802 867 408 809
0 1005 500 583 336 459 277 459 149 436 0 792 1227 609 611 1232 1247 1164 1222 624 1170
0 1216 829 1062 492 823 581 823 864 787 792 0 716 792 794 1238 1243 1175 1280 735 1166
0 948 896 1031 873 1021 956 1021 1223 1096 1227 716 0 921 923 724 944 897 1148 835 703
0 745 287 189 380 116 347 116 606 282 609 792 921 0 0 813 828 744 809 168 751
0 748 289 188 382 119 349 119 608 281 611 794 923 0 0 812 827 743 808 170 750
0 489 810 806 937 871 1020 871 1228 871 1232 1238 724 813 812 0 461 414 655 654 220
0 186 824 821 996 886 1085 886 1243 886 1247 1243 944 828 827 461 0 90 241 628 302
0 78 741 764 929 803 1002 803 1160 802 1164 1175 897 744 743 414 90 0 268 673 283
0 205 800 768 1034 868 1066 868 1218 867 1222 1280 1148 809 808 655 241 268 0 633 474
0 600 199 363 445 206 441 206 620 408 624 735 835 168 170 654 628 673 633 0 638
0 361 748 744 916 809 999 809 1166 809 1170 1166 703 751 750 220 302 283 474 638 0
