GRUBHUB: grubhub-10-3
DIMENSION: 21
0 444 955 500 524 810 844 1111 1221 742 1027 1049 1064 1114 1322 689 1067 808 888 637 841
0 0 647 57 401 698 681 993 1175 433 725 1055 1069 990 1160 437 751 794 893 467 809
0 647 0 676 984 837 848 433 609 339 254 846 810 414 696 343 185 537 684 320 456
0 57 676 0 409 629 612 1044 1225 462 655 1121 1136 1041 1090 466 682 861 960 517 875
0 401 984 409 0 519 553 1237 1240 719 760 1339 1354 1216 1031 723 883 1088 1178 751 1103
0 698 837 629 519 0 128 1024 934 572 612 1343 1357 1004 817 576 685 1000 1181 688 1060
0 681 848 612 553 128 0 1111 951 659 698 1429 1444 1091 742 662 771 1087 1268 774 1147
0 993 433 1044 1237 1024 1111 0 268 671 512 715 649 211 779 594 511 601 616 478 439
0 1175 609 1225 1240 934 951 268 0 846 686 711 640 303 860 768 685 608 648 652 591
0 433 339 462 719 572 659 671 846 0 412 809 823 661 1022 42 426 466 647 153 480
0 725 254 655 760 612 698 512 686 412 0 889 853 457 646 451 137 646 727 429 564
0 1055 846 1121 1339 1343 1429 715 711 809 889 0 71 642 1291 811 922 510 363 766 547
0 1069 810 1136 1354 1357 1444 649 640 823 853 71 0 613 1331 794 946 493 377 749 476
0 990 414 1041 1216 1004 1091 211 303 661 457 642 613 0 926 664 581 537 579 548 508
0 1160 696 1090 1031 817 742 779 860 1022 646 1291 1331 926 0 1010 756 1205 1209 988 1131
0 437 343 466 723 576 662 594 768 42 451 811 794 664 1010 0 398 424 605 112 438
0 751 185 682 883 685 771 511 685 426 137 922 946 581 756 398 0 688 802 470 660
0 794 537 861 1088 1000 1087 601 608 466 646 510 493 537 1205 424 688 0 246 438 199
0 893 684 960 1178 1181 1268 616 648 647 727 363 377 579 1209 605 802 246 0 630 405
0 467 320 517 751 688 774 478 652 153 429 766 749 548 988 112 470 438 630 0 394
0 809 456 875 1103 1060 1147 439 591 480 564 547 476 508 1131 438 660 199 405 394 0
