GRUBHUB: grubhub-05-3
DIMENSION: 11
0 416 713 558 1145 473 675 588 912 811 1078
0 0 513 765 1353 299 514 278 792 502 958
0 513 0 1045 1633 385 450 281 411 438 571
0 765 1045 0 649 896 1151 1011 1336 1235 1213
0 1353 1633 649 0 1407 1586 1522 1847 1746 1736
0 299 385 896 1407 0 426 190 658 414 823
0 514 450 1151 1586 426 0 354 665 244 830
0 278 281 1011 1522 190 354 0 509 224 674
0 792 411 1336 1847 658 665 509 0 686 222
0 502 438 1235 1746 414 244 224 686 0 820
0 958 571 1213 1736 823 830 674 222 820 0
