GRUBHUB: grubhub-13-1
DIMENSION: 27
0 909 1213 794 553 615 296 426 879 1319 1351 433 276 1704 1605 843 859 914 883 461 254 1136 320 1334 1512 1037 1146
0 0 801 1428 1140 1249 727 752 931 583 615 1028 762 1093 869 53 584 26 643 1055 820 326 612 598 905 874 926
0 801 0 1729 1441 1550 1332 1081 1121 838 870 1532 1144 897 810 787 449 733 1116 1559 1282 739 1115 853 705 1122 1254
0 1428 1729 0 347 117 924 812 830 1688 1865 765 790 2221 2014 1357 1373 1428 1383 792 842 1650 820 1677 2026 1446 1476
0 1140 1441 347 0 287 647 663 870 1557 1589 550 514 1976 1769 1081 1097 1152 1161 577 611 1374 599 1613 1750 1200 1310
0 1249 1550 117 287 0 859 747 858 1805 1801 720 726 2157 1949 1293 1308 1364 1318 747 778 1586 756 1794 1961 1381 1409
0 727 1332 924 647 859 0 482 937 1147 1137 311 357 1568 1361 629 909 701 670 338 225 871 237 1137 1435 792 946
0 752 1081 812 663 747 482 0 527 1202 1234 654 275 1711 1455 726 791 797 1012 681 406 1019 446 1217 1450 1119 1295
0 931 1121 830 870 858 937 527 0 1430 1462 1111 732 1643 1556 954 858 1025 1354 1138 863 1247 903 1445 1451 1576 1752
0 583 838 1688 1557 1805 1147 1202 1430 0 106 1262 1208 513 312 614 673 543 600 1296 1243 355 1020 15 350 609 723
0 615 870 1865 1589 1801 1137 1234 1462 106 0 1311 1219 541 341 625 684 553 649 1345 1292 366 1069 65 379 659 745
0 1028 1532 765 550 720 311 654 1111 1262 1311 0 600 1619 1411 934 1208 1006 899 27 431 1122 443 1281 1642 843 878
0 762 1144 790 514 726 357 275 732 1208 1219 600 0 1588 1456 727 742 798 848 517 242 1020 281 1218 1396 955 1131
0 1093 897 2221 1976 2157 1568 1711 1643 513 541 1619 1588 0 284 1050 982 992 1012 1606 1582 805 1432 493 357 838 1054
0 869 810 2014 1769 1949 1361 1455 1556 312 341 1411 1456 284 0 880 935 822 889 1484 1459 635 1309 322 252 715 931
0 53 787 1357 1081 1293 629 726 954 614 625 934 727 1050 880 0 531 83 673 993 754 383 543 629 944 905 956
0 584 449 1373 1097 1308 909 791 858 673 684 1208 742 982 935 531 0 540 1002 1201 981 532 757 633 777 902 1034
0 26 733 1428 1152 1364 701 797 1025 543 553 1006 798 992 822 83 540 0 665 1077 841 300 634 605 879 896 948
0 643 1116 1383 1161 1318 670 1012 1354 600 649 899 848 1012 889 673 1002 665 0 952 818 582 593 518 879 294 748
0 1055 1559 792 577 747 338 681 1138 1296 1345 27 517 1606 1484 993 1201 1077 952 0 454 1126 466 1249 1611 847 846
0 820 1282 842 611 778 225 406 863 1243 1292 431 242 1582 1459 754 981 841 818 454 0 1001 220 1267 1565 923 1000
0 326 739 1650 1374 1586 871 1019 1247 355 366 1122 1020 805 635 383 532 300 582 1126 1001 0 792 404 678 623 755
0 612 1115 820 599 756 237 446 903 1020 1069 443 281 1432 1309 543 757 634 593 466 220 792 0 1020 1335 791 1057
0 598 853 1677 1613 1794 1137 1217 1445 15 65 1281 1218 493 322 629 633 605 518 1249 1267 404 1020 0 361 589 708
0 905 705 2026 1750 1961 1435 1450 1451 350 379 1642 1396 357 252 944 777 879 879 1611 1565 678 1335 361 0 820 1033
0 874 1122 1446 1200 1381 792 1119 1576 609 659 843 955 838 715 905 902 896 294 847 923 623 791 589 820 0 645
0 926 1254 1476 1310 1409 946 1295 1752 723 745 878 1131 1054 931 956 1034 948 748 846 1000 755 1057 708 1033 645 0
