GRUBHUB: grubhub-12-8
DIMENSION: 25
0 1493 1363 803 644 644 641 596 662 1077 942 1315 1172 532 546 410 758 759 827 908 1107 641 767 759 294
0 0 258 1062 918 998 1061 1174 954 432 617 196 576 1091 886 1252 1081 1273 1009 877 597 974 906 1273 1516
0 258 0 917 844 948 1171 1029 822 337 555 472 620 980 788 1265 1031 1006 1089 662 453 1045 944 1006 1441
0 1062 917 0 353 308 504 213 487 805 386 1043 899 363 343 806 630 930 851 976 542 665 431 930 873
0 918 844 353 0 432 518 384 211 529 420 767 623 249 193 701 725 849 653 699 585 504 554 849 800
0 998 948 308 432 0 379 95 587 905 609 1143 999 206 467 693 377 996 916 1075 765 730 122 996 841
0 1061 1171 504 518 379 0 540 833 776 703 983 920 651 716 823 443 1242 1163 1101 814 976 441 1242 1056
0 1174 1029 213 384 95 540 0 554 872 514 1110 966 150 434 636 472 962 883 1042 669 697 217 962 784
0 954 822 487 211 587 833 554 0 501 395 740 596 371 166 823 847 816 622 672 568 471 677 816 838
0 432 337 805 529 905 776 872 501 0 506 322 151 757 552 1209 1163 924 659 527 404 624 1063 924 1182
0 617 555 386 420 609 703 514 395 506 0 742 572 532 389 992 746 996 732 659 193 688 658 996 1072
0 196 472 1043 767 1143 983 1110 740 322 742 0 496 1009 804 1461 1223 1124 860 728 677 825 1048 1124 1374
0 576 620 899 623 999 920 966 596 151 572 496 0 783 578 1235 1182 1186 909 820 417 841 1095 1186 1207
0 1091 980 363 249 206 651 150 371 757 532 1009 783 0 290 578 572 825 745 898 650 559 318 825 693
0 886 788 343 193 467 716 434 166 552 389 804 578 290 0 722 738 684 562 740 561 339 576 684 705
0 1252 1265 806 701 693 823 636 823 1209 992 1461 1235 578 722 0 651 1020 927 1169 1066 730 699 1020 607
0 1081 1031 630 725 377 443 472 847 1163 746 1223 1182 572 738 651 0 1266 1186 1345 833 1000 271 1266 840
0 1273 1006 930 849 996 1242 962 816 924 996 1124 1186 825 684 1020 1266 0 436 465 1024 433 1142 0 551
0 1009 1089 851 653 916 1163 883 622 659 732 860 909 745 562 927 1186 436 0 381 921 292 1073 405 654
0 877 662 976 699 1075 1101 1042 672 527 659 728 820 898 740 1169 1345 465 381 0 786 535 1211 488 750
0 597 453 542 585 765 814 669 568 404 193 677 417 650 561 1066 833 1024 921 786 0 899 672 1215 1265
0 974 1045 665 504 730 976 697 471 624 688 825 841 559 339 730 1000 433 292 535 899 0 808 482 645
0 906 944 431 554 122 441 217 677 1063 658 1048 1095 318 576 699 271 1142 1073 1211 672 808 0 1129 963
0 1273 1006 930 849 996 1242 962 816 924 996 1124 1186 825 684 1020 1266 0 405 488 1215 482 1129 0 551
0 1516 1441 873 800 841 1056 784 838 1182 1072 1374 1207 693 705 607 840 551 654 750 1265 645 963 551 0
