GRUBHUB: grubhub-12-7
DIMENSION: 25
0 322 478 479 333 197 353 719 370 623 861 458 834 479 978 726 951 501 461 217 491 765 992 765 1001
0 0 766 765 335 245 363 580 372 343 1085 745 1099 765 1223 1013 1161 328 397 272 371 701 1287 701 971
0 766 0 173 705 540 608 1057 710 894 785 264 555 173 792 433 672 873 746 589 864 910 713 910 907
0 765 173 0 741 576 644 1128 747 930 784 188 624 0 678 359 755 910 782 625 901 903 796 903 900
0 335 705 741 0 173 96 724 244 572 1045 642 926 662 1161 910 1034 557 627 234 439 931 1084 931 1156
0 245 540 576 173 0 245 774 348 574 940 537 869 558 1057 805 951 559 538 285 502 842 1027 842 1080
0 363 608 644 96 245 0 713 232 564 949 546 893 566 1066 814 975 548 547 223 410 850 1051 850 1089
0 580 1057 1128 724 774 713 0 533 800 1471 1068 1030 1089 1457 1336 1079 748 807 562 447 1111 1204 1111 1115
0 372 710 747 244 348 232 533 0 592 1107 704 989 725 1224 973 1097 539 599 224 230 902 1147 902 1128
0 343 894 930 572 574 564 800 592 0 742 905 1281 926 1251 1173 1220 146 195 486 662 386 1346 386 628
0 1085 785 784 1045 940 949 1471 1107 742 0 780 993 804 718 667 1037 777 534 1117 1290 510 1078 510 432
0 745 264 188 642 537 546 1068 704 905 780 0 653 73 625 268 632 878 751 593 869 871 673 871 868
0 1099 555 624 926 869 893 1030 989 1281 993 653 0 441 721 459 183 1248 1121 964 1197 1242 162 1242 1239
0 765 173 0 662 558 566 1089 725 926 804 73 441 0 678 359 755 910 782 625 901 903 796 903 900
0 1223 792 678 1161 1057 1066 1457 1224 1251 718 625 721 678 0 519 779 1280 1202 1096 1371 1217 820 1217 1135
0 1013 433 359 910 805 814 1336 973 1173 667 268 459 359 519 0 480 1161 1033 876 1152 1051 521 1051 970
0 1161 672 755 1034 951 975 1079 1097 1220 1037 632 183 755 779 480 0 1359 1231 1074 1183 1346 266 1346 1343
0 328 873 910 557 559 548 748 539 146 777 878 1248 910 1280 1161 1359 0 224 449 625 528 1332 528 753
0 397 746 782 627 538 547 807 599 195 534 751 1121 782 1202 1033 1231 224 0 593 756 304 1269 304 583
0 272 589 625 234 285 223 562 224 486 1117 593 964 625 1096 876 1074 449 593 0 422 799 1235 799 1024
0 371 864 901 439 502 410 447 230 662 1290 869 1197 901 1371 1152 1183 625 756 422 0 904 1100 904 982
0 701 910 903 931 842 850 1111 902 386 510 871 1242 903 1217 1051 1346 528 304 799 904 0 1478 0 314
0 1287 713 796 1084 1027 1051 1204 1147 1346 1078 673 162 796 820 521 266 1332 1269 1235 1100 1478 0 1355 1352
0 701 910 903 931 842 850 1111 902 386 510 871 1242 903 1217 1051 1346 528 304 799 904 0 1355 0 314
0 971 907 900 1156 1080 1089 1115 1128 628 432 868 1239 900 1135 970 1343 753 583 1024 982 314 1352 314 0
