GRUBHUB: grubhub-08-4
DIMENSION: 17
0 458 805 862 1185 629 225 524 456 444 642 511 380 669 1073 218 625
0 0 517 960 1040 943 750 524 480 886 930 181 183 642 1140 612 1150
0 517 0 631 528 767 903 987 783 1079 1255 604 586 965 1235 910 1259
0 960 631 0 322 658 1007 1273 1069 1184 1357 918 813 1251 1729 1026 1283
0 1040 528 322 0 937 1246 1374 1221 1404 1577 807 840 1403 1596 1264 1503
0 943 767 658 937 0 629 1101 930 742 916 893 762 1108 1585 796 842
0 750 903 1007 1246 629 0 643 604 221 417 692 561 850 1101 167 400
0 524 987 1273 1374 1101 643 0 228 670 557 800 716 331 788 454 882
0 480 783 1069 1221 930 604 228 0 678 626 612 504 279 756 484 890
0 886 1079 1184 1404 742 221 670 678 0 411 933 802 941 1063 299 409
0 930 1255 1357 1577 916 417 557 626 411 0 1058 927 701 832 440 565
0 181 604 918 807 893 692 800 612 933 1058 0 102 694 1171 695 1134
0 183 586 813 840 762 561 716 504 802 927 102 0 592 1069 593 1031
0 642 965 1251 1403 1108 850 331 279 941 701 694 592 0 659 590 1018
0 1140 1235 1729 1596 1585 1101 788 756 1063 832 1171 1069 659 0 904 970
0 612 910 1026 1264 796 167 454 484 299 440 695 593 590 904 0 566
0 1150 1259 1283 1503 842 400 882 890 409 565 1134 1031 1018 970 566 0
