GRUBHUB: grubhub-03-6
DIMENSION: 7
0 765 946 343 611 914 1055
0 0 569 627 1279 646 940
0 569 0 906 1177 228 437
0 627 906 0 751 753 969
0 1279 1177 751 0 1005 956
0 646 228 753 1005 0 405
0 940 437 969 956 405 0
