GRUBHUB: grubhub-08-9
DIMENSION: 17
0 821 863 1066 1218 826 797 1263 1161 1028 878 657 323 945 688 945 867
0 0 227 1291 654 508 168 630 1187 608 355 368 786 891 675 891 361
0 227 0 1182 447 698 358 478 981 514 288 360 1009 824 607 824 294
0 1291 1182 0 893 1488 1327 618 772 777 924 1104 1113 646 986 646 911
0 654 447 893 0 956 616 282 723 257 328 554 1102 695 591 695 325
0 508 698 1488 956 0 538 1147 1661 1048 895 621 866 1187 956 1187 901
0 168 358 1327 616 538 0 796 1319 796 544 561 761 1080 863 1080 550
0 630 478 618 282 1147 796 0 511 349 525 699 1248 658 742 658 506
0 1187 981 772 723 1661 1319 511 0 702 879 1059 1276 766 991 766 866
0 608 514 777 257 1048 796 349 702 0 320 500 1048 534 522 534 314
0 355 288 924 328 895 544 525 879 320 0 333 876 574 357 574 21
0 368 360 1104 554 621 561 699 1059 500 333 0 737 624 394 624 368
0 786 1009 1113 1102 866 761 1248 1276 1048 876 737 0 962 654 962 868
0 891 824 646 695 1187 1080 658 766 534 574 624 962 0 511 0 634
0 675 607 986 591 956 863 742 991 522 357 394 654 511 0 405 404
0 891 824 646 695 1187 1080 658 766 534 574 624 962 0 405 0 634
0 361 294 911 325 901 550 506 866 314 21 368 868 634 404 634 0
