GRUBHUB: grubhub-14-8
DIMENSION: 29
0 623 725 1696 1287 1098 1079 809 606 1044 1306 1157 1083 994 1562 809 655 1247 1490 1016 1057 798 980 839 831 1333 1297 360 237
0 0 1051 1195 1116 658 780 640 408 640 870 783 912 554 1320 640 693 746 990 576 602 1402 1186 641 298 1162 1035 482 731
0 1051 0 1238 806 809 464 660 739 657 790 581 602 786 1081 660 679 1198 1418 784 862 1264 1003 484 1020 852 725 1073 917
0 1195 1238 0 745 902 1097 1482 1543 991 597 789 742 977 201 1482 1775 456 348 999 951 2099 1838 1417 1138 533 889 1562 1760
0 1116 806 745 0 580 673 1062 1123 549 445 453 231 554 529 1062 1122 811 878 576 520 1588 1327 956 825 376 378 1308 1389
0 658 809 902 580 0 531 697 758 277 474 364 483 86 960 697 989 708 931 83 190 1621 1360 627 491 696 661 959 1185
0 780 464 1097 673 531 0 651 694 343 592 287 404 479 883 651 822 1000 1220 497 526 1575 1314 434 739 654 527 1070 1122
0 640 660 1482 1062 697 651 0 326 622 1031 736 782 572 1261 0 364 1065 1288 595 636 1132 870 261 623 1032 996 955 839
0 408 739 1543 1123 758 694 326 0 678 1056 791 921 628 1400 237 309 1054 1298 650 691 1078 816 496 507 1171 1044 650 577
0 640 657 991 549 277 343 622 678 0 663 321 479 217 958 656 878 867 1090 215 319 1581 1320 490 520 729 602 930 1145
0 870 790 597 445 474 592 1031 1056 663 0 300 278 447 573 988 1281 545 675 469 414 1605 1343 929 672 459 395 1057 1255
0 783 581 789 453 364 287 736 791 321 300 0 331 298 800 756 1016 903 970 296 392 1680 1419 629 585 536 458 995 1244
0 912 602 742 231 483 404 782 921 479 278 331 0 322 613 831 1123 596 819 344 289 1546 1285 733 594 247 228 1077 1320
0 554 786 977 554 86 479 572 628 217 447 298 322 0 987 611 903 671 894 22 131 1536 1274 513 430 773 698 857 1100
0 1320 1081 201 529 960 883 1261 1400 958 573 800 613 987 0 1451 1660 500 453 941 912 1946 1685 1324 1182 444 737 1585 1783
0 640 660 1482 1062 697 651 0 237 656 988 756 831 611 1451 0 364 1065 1288 595 636 1132 870 261 623 1032 996 955 839
0 693 679 1775 1122 989 822 364 309 878 1281 1016 1123 903 1660 364 0 1231 1474 854 895 899 722 520 783 1291 1256 770 682
0 746 1198 456 811 708 1000 1065 1054 867 545 903 596 671 500 1065 1231 0 354 623 603 1986 1725 964 682 647 702 1131 1329
0 990 1418 348 878 931 1220 1288 1298 1090 675 970 819 894 453 1288 1474 354 0 934 914 2297 2036 1275 1011 826 951 1442 1640
0 576 784 999 576 83 497 595 650 215 469 296 344 22 941 595 854 623 934 0 156 1561 1299 538 455 751 676 882 1125
0 602 862 951 520 190 526 636 691 319 414 392 289 131 912 636 895 603 914 156 0 1656 1395 634 536 654 558 971 1220
0 1402 1264 2099 1588 1621 1575 1132 1078 1581 1605 1680 1546 1536 1946 1132 899 1986 2297 1561 1656 0 696 1211 1494 1630 1594 1050 894
0 1186 1003 1838 1327 1360 1314 870 816 1320 1343 1419 1285 1274 1685 870 722 1725 2036 1299 1395 696 0 965 1249 1384 1348 1222 1066
0 641 484 1417 956 627 434 261 496 490 929 629 733 513 1324 261 520 964 1275 538 634 1211 965 0 633 931 804 881 809
0 298 1020 1138 825 491 739 623 507 520 672 585 594 430 1182 623 783 682 1011 455 536 1494 1249 633 0 974 877 583 806
0 1162 852 533 376 696 654 1032 1171 729 459 536 247 773 444 1032 1291 647 826 751 654 1630 1384 931 974 0 410 1451 1495
0 1035 725 889 378 661 527 996 1044 602 395 458 228 698 737 996 1256 702 951 676 558 1594 1348 804 877 410 0 1239 1489
0 482 1073 1562 1308 959 1070 955 650 930 1057 995 1077 857 1585 955 770 1131 1442 882 971 1050 1222 881 583 1451 1239 0 288
0 731 917 1760 1389 1185 1122 839 577 1145 1255 1244 1320 1100 1783 839 682 1329 1640 1125 1220 894 1066 809 806 1495 1489 288 0
